0.0002	3.7477
0.0007	3.806
0.0012000000000000001	3.8631
0.0017000000000000001	3.9189000000000003
0.0021000000000000003	3.9733
0.0026000000000000003	4.0263
0.0031000000000000003	4.0776
0.0036000000000000003	4.127400000000001
0.0041	4.1755
0.0046	4.2219
0.005	4.2664
0.0055000000000000005	4.3091
0.006	4.3498
0.006500000000000001	4.3886
0.007	4.4253
0.007500000000000001	4.46
0.008	4.492500000000001
0.008400000000000001	4.5229
0.0089	4.5511
0.0094	4.577
0.0099	4.6007
0.010400000000000001	4.6222
0.0109	4.6413
0.011300000000000001	4.6582
0.0118	4.6727
0.0123	4.6850000000000005
0.0128	4.6949000000000005
0.013300000000000001	4.7026
0.013800000000000002	4.708
0.0142	4.7111
0.014700000000000001	4.712000000000001
0.0152	4.7106
0.015700000000000002	4.7071000000000005
0.0162	4.7015
0.0167	4.6938
0.0172	4.684
0.0176	4.6723
0.0181	4.6586
0.018600000000000002	4.6431000000000004
0.019100000000000002	4.6258
0.0196	4.6067
0.0201	4.5861
0.0205	4.5638000000000005
0.021	4.5401
0.021500000000000002	4.515000000000001
0.022000000000000002	4.488700000000001
0.022500000000000003	4.4611
0.023	4.4324
0.0234	4.4028
0.0239	4.3722
0.0244	4.3409
0.024900000000000002	4.3089
0.025400000000000002	4.276400000000001
0.025900000000000003	4.2435
0.0263	4.2102
0.0268	4.1767
0.0273	4.1432
0.027800000000000002	4.1097
0.028300000000000002	4.0764000000000005
0.028800000000000003	4.0433
0.029300000000000003	4.0107
0.0297	3.9786
0.0302	3.9471000000000003
0.0307	3.9165
0.031200000000000002	3.8867000000000003
0.0317	3.8579000000000003
0.0322	3.8303000000000003
0.032600000000000004	3.8039
0.033100000000000004	3.7789
0.033600000000000005	3.7554000000000003
0.0341	3.7334
0.0346	3.7132
0.0351	3.6947
0.035500000000000004	3.6782000000000004
0.036000000000000004	3.6636
0.036500000000000005	3.6511
0.037000000000000005	3.6408
0.0375	3.6328
0.038	3.6272
0.0385	3.6239000000000003
0.038900000000000004	3.6232
0.039400000000000004	3.625
0.039900000000000005	3.6295
0.040400000000000005	3.6367000000000003
0.0409	3.6466000000000003
0.0414	3.6594
0.041800000000000004	3.6750000000000003
0.042300000000000004	3.6934
0.042800000000000005	3.7148000000000003
0.043300000000000005	3.7391
0.0438	3.7664
0.0443	3.7967
0.044700000000000004	3.83
0.045200000000000004	3.8662
0.045700000000000005	3.9055
0.046200000000000005	3.9477
0.046700000000000005	3.9929
0.0472	4.041
0.0476	4.0920000000000005
0.048100000000000004	4.146
0.048600000000000004	4.2027
0.049100000000000005	4.262300000000001
0.049600000000000005	4.3246
0.050100000000000006	4.389600000000001
0.0506	4.4572
0.051000000000000004	4.5273
0.051500000000000004	4.6000000000000005
0.052000000000000005	4.675
0.052500000000000005	4.7523
0.053000000000000005	4.8318
0.053500000000000006	4.9135
0.0539	4.9971000000000005
0.054400000000000004	5.0827
0.054900000000000004	5.17
0.055400000000000005	5.259
0.055900000000000005	5.3495
0.056400000000000006	5.441400000000001
0.0568	5.5347
0.057300000000000004	5.6290000000000004
0.057800000000000004	5.7244
0.058300000000000005	5.820600000000001
0.058800000000000005	5.9175
0.059300000000000005	6.015000000000001
0.059800000000000006	6.113
0.060200000000000004	6.2111
0.060700000000000004	6.3094
0.061200000000000004	6.4076
0.061700000000000005	6.5055000000000005
0.062200000000000005	6.6031
0.0627	6.7001
0.0631	6.7964
0.0636	6.891900000000001
0.0641	6.9862
0.0646	7.079400000000001
0.0651	7.171200000000001
0.0656	7.261500000000001
0.066	7.3501
0.0665	7.436800000000001
0.067	7.5215000000000005
0.0675	7.604100000000001
0.068	7.6843
0.0685	7.7620000000000005
0.0689	7.8372
0.0694	7.9096
0.0699	7.979100000000001
0.0704	8.0455
0.0709	8.1089
0.0714	8.1689
0.0719	8.2255
0.0723	8.2786
0.0728	8.328100000000001
0.0733	8.3739
0.0738	8.4158
0.0743	8.4539
0.0748	8.488
0.0752	8.517900000000001
0.0757	8.543800000000001
0.0762	8.5655
0.0767	8.5829
0.0772	8.596
0.0777	8.604800000000001
0.0781	8.609200000000001
0.0786	8.609200000000001
0.0791	8.6049
0.0796	8.5961
0.0801	8.5829
0.0806	8.5653
0.0811	8.5433
0.0815	8.5169
0.082	8.4863
0.0825	8.4513
0.083	8.412
0.0835	8.3686
0.084	8.321
0.0844	8.269400000000001
0.0849	8.213700000000001
0.0854	8.154200000000001
0.0859	8.0908
0.0864	8.0237
0.0869	7.953
0.0873	7.8787
0.0878	7.801
0.0883	7.720000000000001
0.0888	7.635800000000001
0.0893	7.5486
0.0898	7.4584
0.0902	7.3655
0.0907	7.2698
0.0912	7.1717
0.0917	7.0712
0.0922	6.968500000000001
0.0927	6.863700000000001
0.0932	6.757000000000001
0.0936	6.6485
0.0941	6.5384
0.0946	6.4268
0.0951	6.3139
0.0956	6.1999
0.0961	6.0848
0.0965	5.969
0.097	5.8524
0.0975	5.7353000000000005
0.098	5.617900000000001
0.0985	5.5002
0.099	5.3824000000000005
0.0994	5.2647
0.0999	5.1473
0.1004	5.030200000000001
0.1009	4.913600000000001
0.1014	4.7977
0.1019	4.6825
0.1024	4.5683
0.1028	4.4551
0.1033	4.343100000000001
0.1038	4.2323
0.1043	4.123
0.1048	4.0153
0.1053	3.9091
0.1057	3.8047
0.1062	3.7022000000000004
0.1067	3.6016000000000004
0.1072	3.5031000000000003
0.1077	3.4067000000000003
0.1082	3.3126
0.1086	3.2207000000000003
0.1091	3.1312
0.1096	3.0442
0.1101	2.9598
0.1106	2.8779000000000003
0.1111	2.7987
0.1115	2.7223
0.112	2.6486
0.1125	2.5778000000000003
0.113	2.5098000000000003
0.1135	2.4447
0.114	2.3827000000000003
0.1145	2.3236000000000003
0.1149	2.2676000000000003
0.1154	2.2146
0.1159	2.1648
0.1164	2.1181
0.1169	2.0745
0.1174	2.0341
0.1178	1.9969000000000001
0.1183	1.9629
0.1188	1.9322000000000001
0.1193	1.9046
0.1198	1.8804
0.1203	1.8594000000000002
0.1207	1.8417000000000001
0.1212	1.8272000000000002
0.1217	1.8161
0.1222	1.8082
0.1227	1.8037
0.1232	1.8025
0.1237	1.8045
0.1241	1.81
0.1246	1.8187
0.12510000000000002	1.8308
0.12560000000000002	1.8463
0.12610000000000002	1.8651
0.12660000000000002	1.8873000000000002
0.127	1.9128
0.1275	1.9418000000000002
0.128	1.9742000000000002
0.1285	2.0100000000000002
0.129	2.0493
0.1295	2.0921000000000003
0.12990000000000002	2.1383
0.13040000000000002	2.1882
0.13090000000000002	2.2416
0.13140000000000002	2.2986
0.13190000000000002	2.3592
0.13240000000000002	2.4236
0.1328	2.4917000000000002
0.1333	2.5636
0.1338	2.6394
0.1343	2.7191
0.1348	2.8028
0.1353	2.8906
0.1358	2.9825
0.13620000000000002	3.0787
0.13670000000000002	3.1793
0.13720000000000002	3.2842000000000002
0.13770000000000002	3.3938
0.13820000000000002	3.508
0.13870000000000002	3.6270000000000002
0.1391	3.7509
0.1396	3.8798000000000004
0.1401	4.014
0.1406	4.1535
0.1411	4.2985
0.1416	4.4493
0.14200000000000002	4.6058
0.14250000000000002	4.7685
0.14300000000000002	4.9373000000000005
0.14350000000000002	5.1126000000000005
0.14400000000000002	5.2946
0.14450000000000002	5.4834000000000005
0.14500000000000002	5.6793000000000005
0.1454	5.8825
0.1459	6.0933
0.1464	6.3119000000000005
0.1469	6.5385
0.1474	6.7735
0.1479	7.0171
0.14830000000000002	7.269500000000001
0.14880000000000002	7.531000000000001
0.14930000000000002	7.8020000000000005
0.14980000000000002	8.0827
0.15030000000000002	8.3733
0.15080000000000002	8.6743
0.1512	8.985800000000001
0.1517	9.308200000000001
0.1522	9.6418
0.1527	9.9869
0.1532	10.3437
0.1537	10.7126
0.15410000000000001	11.0938
0.15460000000000002	11.4877
0.15510000000000002	11.8945
0.15560000000000002	12.3145
0.15610000000000002	12.748000000000001
0.15660000000000002	13.1951
0.15710000000000002	13.6563
0.1575	14.1316
0.158	14.621300000000002
0.1585	15.1257
0.159	15.645000000000001
0.1595	16.1792
0.16	16.7286
0.16040000000000001	17.293300000000002
0.16090000000000002	17.8734
0.16140000000000002	18.4691
0.16190000000000002	19.0803
0.16240000000000002	19.7072
0.16290000000000002	20.349700000000002
0.1633	21.0079
0.1638	21.6817
0.1643	22.371100000000002
0.1648	23.0759
0.1653	23.796
0.1658	24.531200000000002
0.1663	25.2815
0.16670000000000001	26.046400000000002
0.16720000000000002	26.8258
0.16770000000000002	27.619300000000003
0.16820000000000002	28.4266
0.16870000000000002	29.247300000000003
0.16920000000000002	30.081000000000003
0.1696	30.927200000000003
0.1701	31.785400000000003
0.1706	32.655
0.1711	33.5355
0.1716	34.426300000000005
0.1721	35.3266
0.17250000000000001	36.235800000000005
0.17300000000000001	37.1531
0.17350000000000002	38.0777
0.17400000000000002	39.008900000000004
0.17450000000000002	39.9457
0.17500000000000002	40.8872
0.1754	41.8326
0.1759	42.7808
0.1764	43.730900000000005
0.1769	44.6819
0.1774	45.632600000000004
0.1779	46.582
0.1784	47.5291
0.17880000000000001	48.4726
0.17930000000000001	49.4114
0.17980000000000002	50.344300000000004
0.18030000000000002	51.2702
0.18080000000000002	52.1879
0.18130000000000002	53.0961
0.1817	53.9936
0.1822	54.879200000000004
0.1827	55.7518
0.1832	56.6099
0.1837	57.4525
0.1842	58.2783
0.18460000000000001	59.0861
0.18510000000000001	59.8748
0.18560000000000001	60.643
0.18610000000000002	61.389700000000005
0.18660000000000002	62.1137
0.18710000000000002	62.814
0.18760000000000002	63.4894
0.188	64.1388
0.1885	64.7612
0.189	65.3557
0.1895	65.9213
0.19	66.4571
0.1905	66.96220000000001
0.19090000000000001	67.4358
0.19140000000000001	67.8771
0.19190000000000002	68.28540000000001
0.19240000000000002	68.66
0.19290000000000002	69.00030000000001
0.19340000000000002	69.3058
0.1938	69.5759
0.1943	69.81020000000001
0.1948	70.00840000000001
0.1953	70.17
0.1958	70.2949
0.1963	70.3829
0.1967	70.4337
0.19720000000000001	70.4474
0.19770000000000001	70.4239
0.19820000000000002	70.3634
0.19870000000000002	70.2658
0.19920000000000002	70.1314
0.19970000000000002	69.96050000000001
0.2001	69.7534
0.2006	69.5103
0.2011	69.2318
0.2016	68.9184
0.2021	68.57050000000001
0.2026	68.1889
0.203	67.7741
0.20350000000000001	67.3268
0.20400000000000001	66.8478
0.20450000000000002	66.3379
0.20500000000000002	65.798
0.20550000000000002	65.22890000000001
0.2059	64.6316
0.2064	64.007
0.2069	63.356100000000005
0.2074	62.68
0.2079	61.9797
0.2084	61.256400000000006
0.2089	60.511100000000006
0.2093	59.7449
0.20980000000000001	58.9591
0.21030000000000001	58.1548
0.21080000000000002	57.3331
0.21130000000000002	56.4953
0.21180000000000002	55.642500000000005
0.2122	54.776
0.2127	53.8969
0.2132	53.0064
0.2137	52.1058
0.2142	51.1961
0.2147	50.278600000000004
0.2151	49.3545
0.2156	48.4249
0.21610000000000001	47.4908
0.21660000000000001	46.5535
0.21710000000000002	45.614000000000004
0.21760000000000002	44.673300000000005
0.218	43.732600000000005
0.2185	42.7927
0.219	41.854800000000004
0.2195	40.9197
0.22	39.9883
0.2205	39.0616
0.221	38.1404
0.2214	37.2256
0.22190000000000001	36.3178
0.22240000000000001	35.4179
0.22290000000000001	34.5266
0.22340000000000002	33.6445
0.22390000000000002	32.7723
0.2243	31.910500000000003
0.2248	31.059800000000003
0.2253	30.2206
0.2258	29.393500000000003
0.2263	28.5789
0.2268	27.7771
0.2272	26.9887
0.2277	26.213800000000003
0.22820000000000001	25.4529
0.22870000000000001	24.706100000000003
0.22920000000000001	23.9737
0.22970000000000002	23.2559
0.23020000000000002	22.5529
0.2306	21.864900000000002
0.2311	21.1918
0.2316	20.5338
0.2321	19.891000000000002
0.2326	19.2633
0.2331	18.6507
0.2335	18.0533
0.234	17.4709
0.23450000000000001	16.9035
0.23500000000000001	16.351
0.23550000000000001	15.8133
0.23600000000000002	15.2902
0.2364	14.781500000000001
0.2369	14.2872
0.2374	13.807
0.2379	13.3407
0.2384	12.888100000000001
0.2389	12.4489
0.2393	12.023100000000001
0.2398	11.6102
0.2403	11.2101
0.24080000000000001	10.8224
0.24130000000000001	10.447000000000001
0.24180000000000001	10.0835
0.24230000000000002	9.7317
0.2427	9.391300000000001
0.2432	9.062000000000001
0.2437	8.7436
0.2442	8.4357
0.2447	8.138
0.2452	7.8504000000000005
0.2456	7.5724
0.2461	7.3039000000000005
0.2466	7.0445
0.24710000000000001	6.793900000000001
0.24760000000000001	6.5520000000000005
0.24810000000000001	6.318300000000001
0.2485	6.0928
0.249	5.875
0.2495	5.6648000000000005
0.25	5.4618
0.2505	5.2659
0.251	5.0769
0.2515	4.8943
0.2519	4.7182
0.2524	4.5482000000000005
0.2529	4.384
0.2534	4.2256
0.2539	4.0727
0.2544	3.9251
0.2548	3.7826
0.2553	3.645
0.2558	3.5122
0.25630000000000003	3.3839
0.25680000000000003	3.2601
0.25730000000000003	3.1405000000000003
0.2577	3.0250000000000004
0.2582	2.9135
0.2587	2.8058
0.2592	2.7017
0.2597	2.6012
0.2602	2.5042
0.2606	2.4104
0.2611	2.3198000000000003
0.2616	2.2322
0.2621	2.1476
0.2626	2.0659
0.2631	1.987
0.2636	1.9107
0.264	1.8370000000000002
0.2645	1.7657
0.265	1.6969
0.2655	1.6304
0.266	1.5662
0.2665	1.5042
0.2669	1.4442000000000002
0.2674	1.3863
0.2679	1.3304
0.2684	1.2764
0.26890000000000003	1.2243000000000002
0.26940000000000003	1.1740000000000002
0.26980000000000004	1.1254
0.27030000000000004	1.0785
0.27080000000000004	1.0332000000000001
0.2713	0.9896
0.2718	0.9475
0.2723	0.9069
0.2728	0.8677
0.2732	0.8300000000000001
0.2737	0.7937000000000001
0.2742	0.7586
0.2747	0.7249
0.2752	0.6924
0.2757	0.6612
0.2761	0.6311
0.2766	0.6022000000000001
0.2771	0.5744
0.2776	0.5477000000000001
0.2781	0.522
0.2786	0.4973
0.279	0.4737
0.2795	0.451
0.28	0.4292
0.2805	0.4083
0.281	0.3884
0.28150000000000003	0.36920000000000003
0.28190000000000004	0.3509
0.28240000000000004	0.33340000000000003
0.28290000000000004	0.31670000000000004
0.28340000000000004	0.3007
0.28390000000000004	0.28550000000000003
0.2844	0.27090000000000003
0.2849	0.2571
0.2853	0.2439
0.2858	0.2313
0.2863	0.2194
0.2868	0.2081
0.2873	0.1973
0.2878	0.1872
0.2882	0.1776
0.2887	0.1685
0.2892	0.15990000000000001
0.2897	0.1519
0.2902	0.1444
0.2907	0.1373
0.2911	0.1307
0.2916	0.1245
0.2921	0.1188
0.2926	0.1136
0.2931	0.10880000000000001
0.2936	0.1043
0.29410000000000003	0.1003
0.29450000000000004	0.09670000000000001
0.29500000000000004	0.0935
0.29550000000000004	0.0907
0.29600000000000004	0.0883
0.29650000000000004	0.0863
0.29700000000000004	0.08460000000000001
0.2974	0.0834
0.2979	0.0825
0.2984	0.082
0.2989	0.0819
0.2994	0.08220000000000001
0.2999	0.0828
0.3003	0.0839
0.3008	0.0854
0.3013	0.0873
0.3018	0.0896
0.3023	0.09230000000000001
0.3028	0.0955
0.3032	0.09910000000000001
0.3037	0.10310000000000001
0.3042	0.1077
0.3047	0.11270000000000001
0.3052	0.1182
0.3057	0.12430000000000001
0.3062	0.1308
0.30660000000000004	0.138
0.30710000000000004	0.1456
0.30760000000000004	0.1539
0.30810000000000004	0.1628
0.30860000000000004	0.1724
0.30910000000000004	0.1826
0.3095	0.1935
0.31	0.2051
0.3105	0.2174
0.311	0.2305
0.3115	0.24430000000000002
0.312	0.259
0.3124	0.2746
0.3129	0.29100000000000004
0.3134	0.3084
0.3139	0.3267
0.3144	0.34590000000000004
0.3149	0.3662
0.3154	0.3875
0.3158	0.40990000000000004
0.3163	0.4334
0.3168	0.4581
0.3173	0.4839
0.3178	0.511
0.3183	0.5393
0.31870000000000004	0.5690000000000001
0.31920000000000004	0.5999
0.31970000000000004	0.6322
0.32020000000000004	0.666
0.32070000000000004	0.7011000000000001
0.32120000000000004	0.7378
0.3216	0.7759
0.3221	0.8156
0.3226	0.8568
0.3231	0.8997
0.3236	0.9442
0.3241	0.9904000000000001
0.3245	1.0383
0.325	1.0879
0.3255	1.1392
0.326	1.1924000000000001
0.3265	1.2473
0.327	1.3041
0.3275	1.3627
0.3279	1.4231
0.3284	1.4855
0.3289	1.5497
0.3294	1.6158000000000001
0.3299	1.6838000000000002
0.3304	1.7538
0.33080000000000004	1.8256000000000001
0.33130000000000004	1.8994000000000002
0.33180000000000004	1.9751
0.33230000000000004	2.0527
0.33280000000000004	2.1321
0.33330000000000004	2.2135000000000002
0.3337	2.2967
0.3342	2.3817
0.3347	2.4685
0.3352	2.5572
0.3357	2.6476
0.3362	2.7397
0.3367	2.8334
0.3371	2.9289
0.3376	3.0259
0.3381	3.1244
0.3386	3.2244
0.3391	3.3258
0.3396	3.4286000000000003
0.34	3.5327
0.3405	3.6380000000000003
0.341	3.7444
0.3415	3.8519
0.342	3.9604000000000004
0.3425	4.0698
0.34290000000000004	4.180000000000001
0.34340000000000004	4.2908
0.34390000000000004	4.4024
0.34440000000000004	4.5144
0.34490000000000004	4.6268
0.34540000000000004	4.7396
0.3458	4.8525
0.3463	4.9656
0.3468	5.078600000000001
0.3473	5.1915000000000004
0.3478	5.304200000000001
0.3483	5.4165
0.3488	5.528300000000001
0.3492	5.6395
0.3497	5.7499
0.3502	5.8596
0.3507	5.9682
0.3512	6.0758
0.3517	6.1821
0.3521	6.287100000000001
0.3526	6.390700000000001
0.3531	6.4927
0.3536	6.593
0.3541	6.6915000000000004
0.3546	6.788
0.35500000000000004	6.8825
0.35550000000000004	6.974900000000001
0.35600000000000004	7.065
0.35650000000000004	7.1527
0.35700000000000004	7.238
0.35750000000000004	7.320600000000001
0.35800000000000004	7.4007000000000005
0.3584	7.4779
0.3589	7.552300000000001
0.3594	7.6238
0.3599	7.6923
0.3604	7.757700000000001
0.3609	7.8199000000000005
0.3613	7.878900000000001
0.3618	7.9346000000000005
0.3623	7.987
0.3628	8.036
0.3633	8.0816
0.3638	8.1236
0.3642	8.1622
0.3647	8.1972
0.3652	8.2287
0.3657	8.2565
0.3662	8.280800000000001
0.3667	8.3015
0.36710000000000004	8.3186
0.36760000000000004	8.3321
0.36810000000000004	8.3419
0.36860000000000004	8.3483
0.36910000000000004	8.351
0.36960000000000004	8.350200000000001
0.37010000000000004	8.346
0.3705	8.3382
0.371	8.3271
0.3715	8.3126
0.372	8.2947
0.3725	8.2736
0.373	8.2492
0.3734	8.2217
0.3739	8.1911
0.3744	8.1575
0.3749	8.121
0.3754	8.0815
0.3759	8.0393
0.3763	7.994400000000001
0.3768	7.9468000000000005
0.3773	7.8967
0.3778	7.8441
0.3783	7.7891
0.3788	7.7319
0.3793	7.6725
0.37970000000000004	7.611000000000001
0.38020000000000004	7.5475
0.38070000000000004	7.482
0.38120000000000004	7.4148000000000005
0.38170000000000004	7.3458000000000006
0.38220000000000004	7.2753000000000005
0.3826	7.2031
0.3831	7.1296
0.3836	7.0547
0.3841	6.9785
0.3846	6.9012
0.3851	6.8228
0.3855	6.7434
0.386	6.6631
0.3865	6.582000000000001
0.387	6.5002
0.3875	6.4177
0.388	6.3346
0.3884	6.2511
0.3889	6.1671000000000005
0.3894	6.082800000000001
0.3899	5.998200000000001
0.3904	5.9134
0.3909	5.8285
0.3914	5.7435
0.39180000000000004	5.6584
0.39230000000000004	5.5735
0.39280000000000004	5.4886
0.39330000000000004	5.4039
0.39380000000000004	5.3194
0.39430000000000004	5.2352
0.3947	5.1513
0.3952	5.0677
0.3957	4.984500000000001
0.3962	4.901800000000001
0.3967	4.8196
0.3972	4.737900000000001
0.3976	4.6567
0.3981	4.5762
0.3986	4.496300000000001
0.3991	4.417
0.3996	4.3384
0.4001	4.2606
0.4006	4.1835
0.401	4.1071
0.4015	4.0316
0.402	3.9569
0.4025	3.883
0.403	3.81
0.4035	3.7379000000000002
0.40390000000000004	3.6667
0.40440000000000004	3.5964
0.40490000000000004	3.5271000000000003
0.40540000000000004	3.4587000000000003
0.40590000000000004	3.3914
0.40640000000000004	3.3251
0.4068	3.2597
0.4073	3.1955
0.4078	3.1323000000000003
0.4083	3.0702000000000003
0.4088	3.0093
0.4093	2.9494000000000002
0.4097	2.8907000000000003
0.4102	2.8332
0.4107	2.7769
0.4112	2.7218
0.4117	2.6679
0.4122	2.6153
0.4127	2.564
0.4131	2.5140000000000002
0.4136	2.4653
0.4141	2.418
0.4146	2.3720000000000003
0.4151	2.3274
0.4156	2.2843
0.41600000000000004	2.2426
0.41650000000000004	2.2024
0.41700000000000004	2.1637
0.41750000000000004	2.1265
0.41800000000000004	2.0909
0.41850000000000004	2.0569
0.4189	2.0244
0.4194	1.9936
0.4199	1.9645000000000001
0.4204	1.937
0.4209	1.9113
0.4214	1.8873000000000002
0.4219	1.865
0.4223	1.8445
0.4228	1.8259
0.4233	1.8091000000000002
0.4238	1.7941
0.4243	1.7811000000000001
0.4248	1.7699
0.4252	1.7606000000000002
0.4257	1.7534
0.4262	1.748
0.4267	1.7447000000000001
0.4272	1.7433
0.4277	1.744
0.42810000000000004	1.7467000000000001
0.42860000000000004	1.7514
0.42910000000000004	1.7582
0.42960000000000004	1.7670000000000001
0.43010000000000004	1.7779
0.43060000000000004	1.7909000000000002
0.431	1.8059
0.4315	1.8231000000000002
0.432	1.8423
0.4325	1.8636000000000001
0.433	1.8869
0.4335	1.9124
0.434	1.9398000000000002
0.4344	1.9694
0.4349	2.0009
0.4354	2.0345
0.4359	2.0701
0.4364	2.1076
0.4369	2.1471
0.4373	2.1886
0.4378	2.2319
0.4383	2.2771
0.4388	2.3241
0.4393	2.373
0.4398	2.4236
0.44020000000000004	2.4759
0.44070000000000004	2.5299
0.44120000000000004	2.5856000000000003
0.44170000000000004	2.6428000000000003
0.44220000000000004	2.7016
0.44270000000000004	2.7618
0.44320000000000004	2.8235
0.4436	2.8866
0.4441	2.951
0.4446	3.0166
0.4451	3.0834
0.4456	3.1514
0.4461	3.2205000000000004
0.4465	3.2905
0.447	3.3615000000000004
0.4475	3.4333
0.448	3.5059
0.4485	3.5792
0.449	3.6532
0.4494	3.7278000000000002
0.4499	3.8029
0.4504	3.8783000000000003
0.4509	3.9542
0.4514	4.0303
0.4519	4.1066
0.45230000000000004	4.183
0.45280000000000004	4.2595
0.45330000000000004	4.3359000000000005
0.45380000000000004	4.4123
0.45430000000000004	4.4884
0.45480000000000004	4.5644
0.45530000000000004	4.640000000000001
0.45570000000000005	4.7152
0.4562	4.79
0.4567	4.8643
0.4572	4.9379
0.4577	5.011
0.4582	5.0833
0.4586	5.1548
0.4591	5.2255
0.4596	5.2954
0.4601	5.3643
0.4606	5.4322
0.4611	5.4991
0.4615	5.564900000000001
0.462	5.6296
0.4625	5.6931
0.463	5.7555000000000005
0.4635	5.8166
0.464	5.8765
0.4645	5.9351
0.46490000000000004	5.9924
0.46540000000000004	6.0484
0.46590000000000004	6.1031
0.46640000000000004	6.1564000000000005
0.46690000000000004	6.2084
0.46740000000000004	6.2591
0.46780000000000005	6.3083
0.46830000000000005	6.3563
0.46880000000000005	6.4028
0.4693	6.448
0.4698	6.4919
0.4703	6.5345
0.4707	6.5758
0.4712	6.6158
0.4717	6.6545000000000005
0.4722	6.692
0.4727	6.7283
0.4732	6.7635000000000005
0.4736	6.7975
0.4741	6.8304
0.4746	6.8622000000000005
0.4751	6.893000000000001
0.4756	6.9229
0.4761	6.9518
0.4766	6.9798
0.47700000000000004	7.0069
0.47750000000000004	7.0333000000000006
0.47800000000000004	7.0589
0.47850000000000004	7.083900000000001
0.47900000000000004	7.1081
0.47950000000000004	7.1318
0.47990000000000005	7.155
0.48040000000000005	7.1776
0.48090000000000005	7.199800000000001
0.48140000000000005	7.2216000000000005
0.48190000000000005	7.2431
0.4824	7.2643
0.4828	7.2853
0.4833	7.306
0.4838	7.3266
0.4843	7.3472
0.4848	7.3676
0.4853	7.3881000000000006
0.4858	7.408600000000001
0.4862	7.429200000000001
0.4867	7.4499
0.4872	7.470700000000001
0.4877	7.491700000000001
0.4882	7.5129
0.4887	7.534400000000001
0.48910000000000003	7.556100000000001
0.48960000000000004	7.5781
0.49010000000000004	7.6004000000000005
0.49060000000000004	7.623
0.49110000000000004	7.6459
0.49160000000000004	7.6692
0.49200000000000005	7.6928
0.49250000000000005	7.7168
0.49300000000000005	7.7411
0.49350000000000005	7.7658000000000005
0.49400000000000005	7.7908
0.49450000000000005	7.8162
0.4949	7.841900000000001
0.4954	7.867900000000001
0.4959	7.894100000000001
0.4964	7.9207
0.4969	7.9474
0.4974	7.9744
0.4979	8.0015
0.4983	8.0288
0.4988	8.0562
0.4993	8.0836
0.4998	8.1111
0.5003000000000001	8.1385
0.5008	8.1659
0.5012	8.193100000000001
0.5017	8.2201
0.5022	8.247
0.5027	8.2735
0.5032	8.2996
0.5037	8.3254
0.5041	8.3507
0.5046	8.3754
0.5051	8.399600000000001
0.5056	8.423
0.5061	8.4458
0.5066	8.4678
0.5071	8.488900000000001
0.5075000000000001	8.5091
0.508	8.5283
0.5085000000000001	8.5464
0.509	8.5634
0.5095000000000001	8.5793
0.51	8.5939
0.5104000000000001	8.6072
0.5109	8.619200000000001
0.5114000000000001	8.6297
0.5119	8.6388
0.5124000000000001	8.6463
0.5129	8.6523
0.5133	8.656600000000001
0.5138	8.6593
0.5143	8.6602
0.5148	8.6594
0.5153	8.6568
0.5158	8.6523
0.5162	8.646
0.5167	8.6378
0.5172	8.6277
0.5177	8.6156
0.5182	8.601600000000001
0.5187	8.585600000000001
0.5192	8.5676
0.5196000000000001	8.5477
0.5201	8.5257
0.5206000000000001	8.501800000000001
0.5211	8.475900000000001
0.5216000000000001	8.448
0.5221	8.4182
0.5225000000000001	8.3864
0.523	8.3527
0.5235000000000001	8.3172
0.524	8.2797
0.5245000000000001	8.240400000000001
0.525	8.1994
0.5254	8.156600000000001
0.5259	8.112
0.5264	8.065800000000001
0.5269	8.018
0.5274	7.9687
0.5279	7.917800000000001
0.5284	7.8655
0.5288	7.811800000000001
0.5293	7.7568
0.5298	7.700500000000001
0.5303	7.6431000000000004
0.5308	7.5846
0.5313	7.525
0.5317000000000001	7.4644
0.5322	7.4030000000000005
0.5327000000000001	7.340800000000001
0.5332	7.2778
0.5337000000000001	7.2142
0.5342	7.15
0.5346000000000001	7.0853
0.5351	7.0202
0.5356000000000001	6.9548000000000005
0.5361	6.8891
0.5366000000000001	6.823300000000001
0.5371	6.7574000000000005
0.5375	6.6915000000000004
0.538	6.6256
0.5385	6.559900000000001
0.539	6.494400000000001
0.5395	6.4293000000000005
0.54	6.3645000000000005
0.5405	6.3001000000000005
0.5409	6.2363
0.5414	6.173
0.5419	6.1104
0.5424	6.048500000000001
0.5429	5.9874
0.5434	5.9271
0.5438000000000001	5.8677
0.5443	5.809200000000001
0.5448000000000001	5.7517000000000005
0.5453	5.695200000000001
0.5458000000000001	5.6399
0.5463	5.5856
0.5467000000000001	5.532500000000001
0.5472	5.4806
0.5477000000000001	5.4299
0.5482	5.3805000000000005
0.5487000000000001	5.332400000000001
0.5492	5.2855
0.5497000000000001	5.24
0.5501	5.1958
0.5506	5.1530000000000005
0.5511	5.1115
0.5516	5.071400000000001
0.5521	5.0326
0.5526	4.9952000000000005
0.553	4.9592
0.5535	4.9245
0.554	4.8912
0.5545	4.8593
0.555	4.828600000000001
0.5555	4.799300000000001
0.5559000000000001	4.7712
0.5564	4.744400000000001
0.5569000000000001	4.7189000000000005
0.5574	4.6946
0.5579000000000001	4.6714
0.5584	4.6494
0.5588000000000001	4.6286000000000005
0.5593	4.6088000000000005
0.5598000000000001	4.5901000000000005
0.5603	4.5724
0.5608000000000001	4.5556
0.5613	4.5398000000000005
0.5618000000000001	4.524900000000001
0.5622	4.5109
0.5627	4.4976
0.5632	4.4851
0.5637	4.4733
0.5642	4.4622
0.5647	4.451700000000001
0.5651	4.441800000000001
0.5656	4.432300000000001
0.5661	4.4234
0.5666	4.4148000000000005
0.5671	4.4066
0.5676	4.3988000000000005
0.5680000000000001	4.3912
0.5685	4.3838
0.5690000000000001	4.3766
0.5695	4.3696
0.5700000000000001	4.3626000000000005
0.5705	4.3556
0.5710000000000001	4.3486
0.5714	4.3415
0.5719000000000001	4.3343
0.5724	4.327
0.5729000000000001	4.3194
0.5734	4.3116
0.5739000000000001	4.3035000000000005
0.5743	4.295
0.5748	4.2862
0.5753	4.277
0.5758	4.2673000000000005
0.5763	4.2571
0.5768	4.2464
0.5772	4.2352
0.5777	4.2233
0.5782	4.2108
0.5787	4.1977
0.5792	4.1839
0.5797	4.1694
0.5801000000000001	4.1542
0.5806	4.1383
0.5811000000000001	4.1215
0.5816	4.104
0.5821000000000001	4.0857
0.5826	4.0666
0.5831000000000001	4.0466
0.5835	4.0258
0.5840000000000001	4.0041
0.5845	3.9816000000000003
0.5850000000000001	3.9582
0.5855	3.934
0.5860000000000001	3.9089
0.5864	3.8829000000000002
0.5869	3.8561
0.5874	3.8284000000000002
0.5879	3.7999
0.5884	3.7705
0.5889	3.7403
0.5893	3.7093000000000003
0.5898	3.6775
0.5903	3.6449000000000003
0.5908	3.6116
0.5913	3.5775
0.5918	3.5427
0.5923	3.5072
0.5927	3.471
0.5932000000000001	3.4342
0.5937	3.3968000000000003
0.5942000000000001	3.3588
0.5947	3.3203
0.5952000000000001	3.2813000000000003
0.5956	3.2418
0.5961000000000001	3.2019
0.5966	3.1616
0.5971000000000001	3.1209000000000002
0.5976	3.08
0.5981000000000001	3.0387
0.5985	2.9973
0.599	2.9557
0.5995	2.914
0.6	2.8722000000000003
0.6005	2.8304
0.601	2.7886
0.6014	2.7468000000000004
0.6019	2.7053000000000003
0.6024	2.6639
0.6029	2.6227
0.6034	2.5818000000000003
0.6039	2.5413
0.6044	2.5011
0.6048	2.4615
0.6053000000000001	2.4223
0.6058	2.3837
0.6063000000000001	2.3456
0.6068	2.3083
0.6073000000000001	2.2717
0.6077	2.2359
0.6082000000000001	2.2009000000000003
0.6087	2.1667
0.6092000000000001	2.1335
0.6097	2.1013
0.6102000000000001	2.0702000000000003
0.6106	2.0401000000000002
0.6111	2.0111
0.6116	1.9833
0.6121	1.9568
0.6126	1.9315
0.6131	1.9076000000000002
0.6136	1.885
0.614	1.8638000000000001
0.6145	1.8441
0.615	1.8258
0.6155	1.8091000000000002
0.616	1.7939
0.6165	1.7803
0.6169	1.7683
0.6174000000000001	1.758
0.6179	1.7493
0.6184000000000001	1.7424000000000002
0.6189	1.7372
0.6194000000000001	1.7337
0.6198	1.732
0.6203000000000001	1.7321
0.6208	1.7339
0.6213000000000001	1.7376
0.6218	1.7432
0.6223000000000001	1.7505000000000002
0.6227	1.7597
0.6232	1.7708000000000002
0.6237	1.7837
0.6242	1.7984
0.6247	1.8150000000000002
0.6252	1.8334000000000001
0.6257	1.8537000000000001
0.6261	1.8757000000000001
0.6266	1.8996000000000002
0.6271	1.9253
0.6276	1.9528
0.6281	1.982
0.6286	2.013
0.629	2.0457
0.6295000000000001	2.08
0.63	2.1161000000000003
0.6305000000000001	2.1538
0.631	2.193
0.6315000000000001	2.2339
0.6319	2.2763
0.6324000000000001	2.3202000000000003
0.6329	2.3655
0.6334000000000001	2.4123
0.6339	2.4604
0.6344000000000001	2.5099
0.6349	2.5607
0.6353	2.6127000000000002
0.6358	2.666
0.6363	2.7203
0.6368	2.7758000000000003
0.6373	2.8323
0.6378	2.8899000000000004
0.6382	2.9483
0.6387	3.0077000000000003
0.6392	3.0679000000000003
0.6397	3.129
0.6402	3.1907
0.6407	3.2532
0.6411	3.3163
0.6416000000000001	3.3800000000000003
0.6421	3.4442000000000004
0.6426000000000001	3.5090000000000003
0.6431	3.5741
0.6436000000000001	3.6397000000000004
0.644	3.7056
0.6445000000000001	3.7718000000000003
0.645	3.8382
0.6455000000000001	3.9049
0.646	3.9717000000000002
0.6465000000000001	4.0387
0.647	4.105700000000001
0.6474000000000001	4.1728000000000005
0.6479	4.2399000000000004
0.6484	4.306900000000001
0.6489	4.3739
0.6494	4.4409
0.6499	4.5077
0.6503	4.5744
0.6508	4.6409
0.6513	4.7073
0.6518	4.7734000000000005
0.6523	4.8394
0.6528	4.9051
0.6532	4.9706
0.6537000000000001	5.0358
0.6542	5.1008000000000004
0.6547000000000001	5.1656
0.6552	5.2301
0.6557000000000001	5.294300000000001
0.6562	5.3583
0.6566000000000001	5.4221
0.6571	5.485600000000001
0.6576000000000001	5.548900000000001
0.6581	5.6119
0.6586000000000001	5.6748
0.6591	5.737500000000001
0.6595000000000001	5.800000000000001
0.66	5.8623
0.6605000000000001	5.9246
0.661	5.9867
0.6615	6.0487
0.662	6.110600000000001
0.6624	6.1725
0.6629	6.2344
0.6634	6.296200000000001
0.6639	6.3581
0.6644	6.42
0.6649	6.482
0.6653	6.5441
0.6658000000000001	6.6063
0.6663	6.6686000000000005
0.6668000000000001	6.731000000000001
0.6673	6.7936000000000005
0.6678000000000001	6.856400000000001
0.6683	6.919300000000001
0.6687000000000001	6.9825
0.6692	7.0459000000000005
0.6697000000000001	7.109500000000001
0.6702	7.1733
0.6707000000000001	7.2374
0.6712	7.3017
0.6716000000000001	7.3662
0.6721	7.4309
0.6726000000000001	7.4958
0.6731	7.5609
0.6736000000000001	7.626200000000001
0.6741	7.6917
0.6745	7.757300000000001
0.675	7.823
0.6755	7.888800000000001
0.676	7.9546
0.6765	8.0205
0.677	8.0863
0.6775	8.152000000000001
0.6779000000000001	8.2177
0.6784	8.283100000000001
0.6789000000000001	8.3483
0.6794	8.4132
0.6799000000000001	8.4778
0.6804	8.5419
0.6808000000000001	8.6056
0.6813	8.668700000000001
0.6818000000000001	8.731200000000001
0.6823	8.793000000000001
0.6828000000000001	8.854000000000001
0.6833	8.914100000000001
0.6837000000000001	8.9733
0.6842	9.0314
0.6847000000000001	9.0885
0.6852	9.144300000000001
0.6857000000000001	9.1989
0.6862	9.2521
0.6866	9.3038
0.6871	9.353900000000001
0.6876	9.4024
0.6881	9.449200000000001
0.6886	9.494200000000001
0.6891	9.5372
0.6896	9.5783
0.6900000000000001	9.6173
0.6905	9.6541
0.6910000000000001	9.6887
0.6915	9.721
0.6920000000000001	9.7509
0.6925	9.7783
0.6929000000000001	9.8032
0.6934	9.8254
0.6939000000000001	9.8451
0.6944	9.862
0.6949000000000001	9.876100000000001
0.6954	9.887400000000001
0.6958000000000001	9.895800000000001
0.6963	9.9014
0.6968000000000001	9.9039
0.6973	9.903500000000001
0.6978000000000001	9.9002
0.6983	9.8937
0.6988000000000001	9.8843
0.6992	9.8718
0.6997	9.856200000000001
0.7002	9.8377
0.7007	9.816
0.7012	9.791400000000001
0.7017	9.7637
0.7021000000000001	9.7331
0.7026	9.6995
0.7031000000000001	9.663
0.7036	9.6236
0.7041000000000001	9.5814
0.7046	9.5364
0.7050000000000001	9.4887
0.7055	9.4384
0.7060000000000001	9.3855
0.7065	9.3301
0.7070000000000001	9.2722
0.7075	9.212100000000001
0.7079000000000001	9.149600000000001
0.7084	9.085
0.7089000000000001	9.0184
0.7094	8.9498
0.7099000000000001	8.8793
0.7104	8.8071
0.7109000000000001	8.7332
0.7113	8.6578
0.7118	8.581100000000001
0.7123	8.503
0.7128	8.4238
0.7133	8.3435
0.7138	8.2623
0.7142000000000001	8.1803
0.7147	8.0977
0.7152000000000001	8.0145
0.7157	7.931
0.7162000000000001	7.8472
0.7167	7.7632
0.7171000000000001	7.6793000000000005
0.7176	7.595400000000001
0.7181000000000001	7.5118
0.7186	7.4287
0.7191000000000001	7.346
0.7196	7.2639000000000005
0.7201000000000001	7.1827000000000005
0.7205	7.1023000000000005
0.7210000000000001	7.0229
0.7215	6.9446
0.7220000000000001	6.8676
0.7225	6.7919
0.7230000000000001	6.717700000000001
0.7234	6.6451
0.7239	6.5742
0.7244	6.505
0.7249	6.4377
0.7254	6.372400000000001
0.7259	6.309200000000001
0.7263000000000001	6.2481
0.7268	6.1892000000000005
0.7273000000000001	6.1326
0.7278	6.0784
0.7283000000000001	6.0267
0.7288	5.9775
0.7292000000000001	5.9308000000000005
0.7297	5.8868
0.7302000000000001	5.8455
0.7307	5.806900000000001
0.7312000000000001	5.771100000000001
0.7317	5.7381
0.7322000000000001	5.7079
0.7326	5.6807
0.7331000000000001	5.6563
0.7336	5.6348
0.7341000000000001	5.6162
0.7346	5.6006
0.7351000000000001	5.588
0.7355	5.5783000000000005
0.736	5.5715
0.7365	5.5677
0.737	5.5667
0.7375	5.568700000000001
0.738	5.5736
0.7384000000000001	5.5814
0.7389	5.5920000000000005
0.7394000000000001	5.6054
0.7399	5.6215
0.7404000000000001	5.6404000000000005
0.7409	5.662
0.7414000000000001	5.6862
0.7418	5.713
0.7423000000000001	5.7424
0.7428	5.7742
0.7433000000000001	5.8085
0.7438	5.8451
0.7443000000000001	5.8841
0.7447	5.9252
0.7452000000000001	5.9686
0.7457	6.014
0.7462000000000001	6.0615000000000006
0.7467	6.111000000000001
0.7472000000000001	6.1623
0.7476	6.2155000000000005
0.7481	6.270300000000001
0.7486	6.3268
0.7491	6.3849
0.7496	6.444500000000001
0.7501	6.5055000000000005
0.7505000000000001	6.5678
0.751	6.6313
0.7515000000000001	6.696000000000001
0.752	6.7617
0.7525000000000001	6.8285
0.753	6.896100000000001
0.7535000000000001	6.9646
0.7539	7.0338
0.7544000000000001	7.1036
0.7549	7.174
0.7554000000000001	7.2449
0.7559	7.3162
0.7564000000000001	7.387700000000001
0.7568	7.4596
0.7573000000000001	7.5315
0.7578	7.6036
0.7583000000000001	7.6756
0.7588	7.7476
0.7593000000000001	7.8193
0.7597	7.8909
0.7602	7.9621
0.7607	8.033000000000001
0.7612	8.1034
0.7617	8.173300000000001
0.7622	8.242600000000001
0.7627	8.311200000000001
0.7631	8.379100000000001
0.7636000000000001	8.4463
0.7641	8.512500000000001
0.7646000000000001	8.5779
0.7651	8.6423
0.7656000000000001	8.7057
0.766	8.768
0.7665000000000001	8.8292
0.767	8.8893
0.7675000000000001	8.9481
0.768	9.005600000000001
0.7685000000000001	9.0618
0.7689	9.1167
0.7694000000000001	9.170200000000001
0.7699	9.2223
0.7704000000000001	9.2729
0.7709	9.322000000000001
0.7714000000000001	9.3696
0.7718	9.415600000000001
0.7723	9.4601
0.7728	9.503
0.7733	9.5442
0.7738	9.5839
0.7743	9.6218
0.7748	9.658100000000001
0.7752	9.6928
0.7757000000000001	9.725800000000001
0.7762	9.757
0.7767000000000001	9.7866
0.7772	9.8145
0.7777000000000001	9.8408
0.7781	9.865300000000001
0.7786000000000001	9.888200000000001
0.7791	9.9094
0.7796000000000001	9.9289
0.7801	9.946900000000001
0.7806000000000001	9.9632
0.781	9.9779
0.7815000000000001	9.991
0.782	10.0027
0.7825000000000001	10.0127
0.783	10.0213
0.7835000000000001	10.028500000000001
0.784	10.0342
0.7844	10.0386
0.7849	10.0416
0.7854	10.0433
0.7859	10.043700000000001
0.7864	10.043000000000001
0.7869	10.0411
0.7873	10.0381
0.7878000000000001	10.034
0.7883	10.029
0.7888000000000001	10.023
0.7893	10.0161
0.7898000000000001	10.0084
0.7902	9.9999
0.7907000000000001	9.9908
0.7912	9.981
0.7917000000000001	9.970600000000001
0.7922	9.9597
0.7927000000000001	9.948400000000001
0.7931	9.9367
0.7936000000000001	9.9247
0.7941	9.9125
0.7946000000000001	9.9001
0.7951	9.887500000000001
0.7956000000000001	9.875
0.7961	9.8625
0.7965	9.85
0.797	9.8378
0.7975	9.825700000000001
0.798	9.814
0.7985	9.8026
0.799	9.7917
0.7994	9.7812
0.7999	9.7712
0.8004	9.761800000000001
0.8009000000000001	9.7531
0.8014	9.7451
0.8019000000000001	9.7379
0.8023	9.7314
0.8028000000000001	9.725800000000001
0.8033	9.7211
0.8038000000000001	9.7174
0.8043	9.7146
0.8048000000000001	9.7128
0.8053	9.712
0.8057000000000001	9.7124
0.8062	9.7138
0.8067000000000001	9.7164
0.8072	9.7201
0.8077000000000001	9.7249
0.8082	9.731
0.8086	9.7382
0.8091	9.7467
0.8096	9.756300000000001
0.8101	9.7672
0.8106	9.779300000000001
0.8111	9.7926
0.8115	9.8071
0.812	9.8228
0.8125	9.8397
0.8130000000000001	9.857700000000001
0.8135	9.876900000000001
0.8140000000000001	9.897300000000001
0.8144	9.918700000000001
0.8149000000000001	9.9413
0.8154	9.965
0.8159000000000001	9.989700000000001
0.8164	10.0154
0.8169000000000001	10.042100000000001
0.8174	10.0698
0.8178000000000001	10.0984
0.8183	10.1279
0.8188000000000001	10.1582
0.8193	10.189400000000001
0.8198000000000001	10.221400000000001
0.8203	10.2542
0.8207	10.287700000000001
0.8212	10.321900000000001
0.8217	10.3567
0.8222	10.392100000000001
0.8227	10.4282
0.8232	10.4648
0.8236	10.501900000000001
0.8241	10.5394
0.8246	10.5775
0.8251000000000001	10.6159
0.8256	10.6548
0.8261000000000001	10.694
0.8266	10.733500000000001
0.8270000000000001	10.7734
0.8275	10.813500000000001
0.8280000000000001	10.8538
0.8285	10.894400000000001
0.8290000000000001	10.9351
0.8295	10.9761
0.8299000000000001	11.0172
0.8304	11.0584
0.8309000000000001	11.0998
0.8314	11.141200000000001
0.8319000000000001	11.1827
0.8324	11.224300000000001
0.8328	11.2659
0.8333	11.3076
0.8338	11.3492
0.8343	11.3909
0.8348	11.432500000000001
0.8353	11.4741
0.8357	11.5157
0.8362	11.5572
0.8367	11.598600000000001
0.8372	11.6399
0.8377	11.6811
0.8382000000000001	11.7222
0.8387	11.763200000000001
0.8391000000000001	11.804
0.8396	11.8446
0.8401000000000001	11.885
0.8406	11.9253
0.8411000000000001	11.965300000000001
0.8416	12.005
0.8420000000000001	12.044500000000001
0.8425	12.0836
0.8430000000000001	12.1224
0.8435	12.1609
0.8440000000000001	12.199
0.8445	12.2367
0.8449000000000001	12.273900000000001
0.8454	12.3106
0.8459	12.3468
0.8464	12.3825
0.8469	12.4176
0.8474	12.452
0.8479	12.485800000000001
0.8483	12.5189
0.8488	12.551200000000001
0.8493	12.5827
0.8498	12.6134
0.8503000000000001	12.6432
0.8508	12.6721
0.8512000000000001	12.699900000000001
0.8517	12.7268
0.8522000000000001	12.752600000000001
0.8527	12.7773
0.8532000000000001	12.8009
0.8537	12.823300000000001
0.8541000000000001	12.8444
0.8546	12.8642
0.8551000000000001	12.8827
0.8556	12.8999
0.8561000000000001	12.915700000000001
0.8566	12.930000000000001
0.8570000000000001	12.9429
0.8575	12.9543
0.8580000000000001	12.9642
0.8585	12.9725
0.859	12.9793
0.8595	12.9845
0.86	12.988100000000001
0.8604	12.9901
0.8609	12.9905
0.8614	12.9893
0.8619	12.986500000000001
0.8624	12.9821
0.8629	12.9762
0.8633000000000001	12.9687
0.8638	12.9597
0.8643000000000001	12.949200000000001
0.8648	12.9372
0.8653000000000001	12.9238
0.8658	12.909
0.8662000000000001	12.892900000000001
0.8667	12.8756
0.8672000000000001	12.857000000000001
0.8677	12.8374
0.8682000000000001	12.8167
0.8687	12.795
0.8692000000000001	12.7725
0.8696	12.7492
0.8701000000000001	12.7253
0.8706	12.700800000000001
0.8711000000000001	12.6759
0.8716	12.6507
0.8721	12.625300000000001
0.8725	12.5998
0.873	12.5744
0.8735	12.5493
0.874	12.524600000000001
0.8745	12.5004
0.875	12.477
0.8754000000000001	12.454400000000001
0.8759	12.4329
0.8764000000000001	12.412600000000001
0.8769	12.3937
0.8774000000000001	12.3764
0.8779	12.361
0.8783000000000001	12.3475
0.8788	12.336300000000001
0.8793000000000001	12.3274
0.8798	12.321200000000001
0.8803000000000001	12.3177
0.8808	12.317300000000001
0.8813000000000001	12.3202
0.8817	12.326400000000001
0.8822000000000001	12.336400000000001
0.8827	12.3503
0.8832000000000001	12.368300000000001
0.8837	12.390600000000001
0.8842000000000001	12.4175
0.8846	12.449200000000001
0.8851	12.4859
0.8856	12.527800000000001
0.8861	12.5751
0.8866	12.6281
0.8871	12.687000000000001
0.8875000000000001	12.751900000000001
0.888	12.8231
0.8885000000000001	12.9008
0.889	12.9852
0.8895000000000001	13.076400000000001
0.89	13.174700000000001
0.8905000000000001	13.2802
0.8909	13.3931
0.8914000000000001	13.5136
0.8919	13.6418
0.8924000000000001	13.7779
0.8929	13.922
0.8934000000000001	14.074200000000001
0.8938	14.2347
0.8943000000000001	14.403500000000001
0.8948	14.5808
0.8953000000000001	14.7666
0.8958	14.9611
0.8963000000000001	15.164200000000001
0.8967	15.376000000000001
0.8972	15.5966
0.8977	15.8259
0.8982	16.0639
0.8987	16.3107
0.8992	16.566200000000002
0.8996000000000001	16.8303
0.9001	17.1029
0.9006000000000001	17.3841
0.9011	17.6736
0.9016000000000001	17.9713
0.9021	18.2772
0.9026000000000001	18.5909
0.903	18.9125
0.9035000000000001	19.241500000000002
0.904	19.5779
0.9045000000000001	19.921400000000002
0.905	20.271700000000003
0.9055000000000001	20.628500000000003
0.9059	20.991500000000002
0.9064000000000001	21.360500000000002
0.9069	21.735
0.9074000000000001	22.114800000000002
0.9079	22.4993
0.9084000000000001	22.8884
0.9088	23.2814
0.9093	23.678
0.9098	24.0778
0.9103	24.4803
0.9108	24.884900000000002
0.9113	25.2913
0.9118	25.698800000000002
0.9122	26.107000000000003
0.9127000000000001	26.5154
0.9132	26.9234
0.9137000000000001	27.3304
0.9142	27.7359
0.9147000000000001	28.139300000000002
0.9151	28.540000000000003
0.9156000000000001	28.9375
0.9161	29.331200000000003
0.9166000000000001	29.7204
0.9171	30.1046
0.9176000000000001	30.4833
0.918	30.855700000000002
0.9185000000000001	31.221400000000003
0.919	31.579700000000003
0.9195000000000001	31.930100000000003
0.92	32.272
0.9205000000000001	32.604800000000004
0.9209	32.9281
0.9214	33.2412
0.9219	33.543600000000005
0.9224	33.834900000000005
0.9229	34.1145
0.9234	34.382000000000005
0.9239	34.6368
0.9243	34.8786
0.9248000000000001	35.107
0.9253	35.321400000000004
0.9258000000000001	35.5217
0.9263	35.7074
0.9268000000000001	35.8781
0.9272	36.0336
0.9277000000000001	36.173700000000004
0.9282	36.298
0.9287000000000001	36.4063
0.9292	36.4986
0.9297000000000001	36.5745
0.9301	36.633900000000004
0.9306000000000001	36.6769
0.9311	36.7032
0.9316000000000001	36.7128
0.9321	36.7058
0.9326000000000001	36.6822
0.9331	36.6419
0.9335	36.585100000000004
0.934	36.511900000000004
0.9345	36.4224
0.935	36.3168
0.9355	36.1953
0.936	36.058
0.9364	35.905300000000004
0.9369000000000001	35.7374
0.9374	35.5546
0.9379000000000001	35.3573
0.9384	35.1456
0.9389000000000001	34.9202
0.9393	34.681200000000004
0.9398000000000001	34.4292
0.9403	34.164500000000004
0.9408000000000001	33.8876
0.9413	33.599000000000004
0.9418000000000001	33.2991
0.9422	32.9884
0.9427000000000001	32.667500000000004
0.9432	32.3367
0.9437000000000001	31.9967
0.9442	31.6479
0.9447000000000001	31.2909
0.9452	30.9263
0.9456	30.5545
0.9461	30.1762
0.9466	29.791800000000002
0.9471	29.4019
0.9476	29.0071
0.9481	28.6078
0.9485	28.204700000000003
0.9490000000000001	27.7982
0.9495	27.389000000000003
0.9500000000000001	26.977400000000003
0.9505	26.564
0.9510000000000001	26.1493
0.9514	25.733800000000002
0.9519000000000001	25.318
0.9524	24.9023
0.9529000000000001	24.4872
0.9534	24.0731
0.9539000000000001	23.660500000000003
0.9544	23.2497
0.9548000000000001	22.8411
0.9553	22.435200000000002
0.9558000000000001	22.0323
0.9563	21.6328
0.9568000000000001	21.236800000000002
0.9573	20.844900000000003
0.9577	20.4572
0.9582	20.0741
0.9587	19.695800000000002
0.9592	19.3225
0.9597	18.9545
0.9602	18.592000000000002
0.9606	18.235200000000003
0.9611000000000001	17.8842
0.9616	17.5392
0.9621000000000001	17.200300000000002
0.9626	16.8677
0.9631000000000001	16.5415
0.9635	16.2218
0.9640000000000001	15.908600000000002
0.9645	15.602
0.9650000000000001	15.302100000000001
0.9655	15.0089
0.9660000000000001	14.7224
0.9665	14.4427
0.9669000000000001	14.1697
0.9674	13.903400000000001
0.9679000000000001	13.6438
0.9684	13.3909
0.9689000000000001	13.1446
0.9694	12.904900000000001
0.9698	12.671700000000001
0.9703	12.445
0.9708	12.2246
0.9713	12.0105
0.9718	11.8026
0.9723	11.600900000000001
0.9727	11.405100000000001
0.9732000000000001	11.215200000000001
0.9737	11.0311
0.9742000000000001	10.8527
0.9747	10.6799
0.9752000000000001	10.512400000000001
0.9757	10.3503
0.9761000000000001	10.1934
0.9766	10.041500000000001
0.9771000000000001	9.8946
0.9776	9.7524
0.9781000000000001	9.6149
0.9786	9.482000000000001
0.9790000000000001	9.3534
0.9795	9.2291
0.9800000000000001	9.109
0.9805	8.9928
0.9810000000000001	8.8805
0.9815	8.772
0.9819	8.667
0.9824	8.5656
0.9829	8.467500000000001
0.9834	8.3726
0.9839	8.280800000000001
0.9844	8.192
0.9848	8.1061
0.9853000000000001	8.0229
0.9858	7.9423
0.9863000000000001	7.8643
0.9868	7.7887
0.9873000000000001	7.7153
0.9878	7.644100000000001
0.9882000000000001	7.575
0.9887	7.5079
0.9892000000000001	7.4427
0.9897	7.3792
0.9902000000000001	7.3174
0.9907	7.2572
0.9911000000000001	7.1985
0.9916	7.1412
0.9921000000000001	7.0852
0.9926	7.0305
0.9931000000000001	6.9769000000000005
0.9936	6.9244
0.994	6.8729000000000005
0.9945	6.8223
0.995	6.772600000000001
0.9955	6.7237
0.996	6.6755
0.9965	6.6279
0.997	6.580900000000001
0.9974000000000001	6.5345
0.9979	6.4885
0.9984000000000001	6.4430000000000005
0.9989	6.3978
0.9994000000000001	6.3529
0.9999	6.3083
1.0003	6.2639000000000005
1.0008000000000001	6.2197000000000005
1.0013	6.1756
1.0018	6.131600000000001
1.0023	6.0877
1.0028000000000001	6.0438
1.0032	5.9999
1.0037	5.955900000000001
1.0042	5.9119
1.0047000000000001	5.8677
1.0052	5.8235
1.0057	5.779100000000001
1.0061	5.734500000000001
1.0066	5.6898
1.0071	5.644900000000001
1.0076	5.5998
1.0081	5.5544
1.0086	5.5088
1.0091	5.463
1.0095	5.417000000000001
1.01	5.3707
1.0105	5.3241000000000005
1.0110000000000001	5.2774
1.0115	5.230300000000001
1.012	5.1831000000000005
1.0124	5.1356
1.0129000000000001	5.0879
1.0134	5.04
1.0139	4.9918000000000005
1.0144	4.9435
1.0149000000000001	4.8950000000000005
1.0153	4.8464
1.0158	4.7976
1.0163	4.7487
1.0168000000000001	4.6997
1.0173	4.6506
1.0178	4.601500000000001
1.0183	4.5523
1.0187	4.5031
1.0192	4.4539
1.0197	4.4048
1.0202	4.355700000000001
1.0207	4.3067
1.0212	4.2578000000000005
1.0216	4.2091
1.0221	4.1606000000000005
1.0226	4.1122000000000005
1.0231000000000001	4.0641
1.0236	4.0162
1.0241	3.9686000000000003
1.0245	3.9214
1.0250000000000001	3.8745000000000003
1.0255	3.8279
1.026	3.7818
1.0265	3.7361
1.0270000000000001	3.6908000000000003
1.0274	3.6460000000000004
1.0279	3.6018000000000003
1.0284	3.5580000000000003
1.0289000000000001	3.5148
1.0294	3.4722
1.0299	3.4302
1.0304	3.3888000000000003
1.0308	3.3481
1.0313	3.3080000000000003
1.0318	3.2686
1.0323	3.2299
1.0328	3.1919
1.0333	3.1546000000000003
1.0337	3.1180000000000003
1.0342	3.0822000000000003
1.0347	3.0472
1.0352000000000001	3.0129
1.0357	2.9794
1.0362	2.9467000000000003
1.0366	2.9147000000000003
1.0371000000000001	2.8836
1.0376	2.8532
1.0381	2.8236000000000003
1.0386	2.7948
1.0391000000000001	2.7668
1.0396	2.7396000000000003
1.04	2.7132
1.0405	2.6875
1.0410000000000001	2.6626000000000003
1.0415	2.6384000000000003
1.042	2.615
1.0425	2.5923000000000003
1.0429000000000002	2.5703
1.0434	2.5491
1.0439	2.5285
1.0444	2.5086
1.0449	2.4893
1.0454	2.4707000000000003
1.0458	2.4527
1.0463	2.4353000000000002
1.0468	2.4185000000000003
1.0473000000000001	2.4022
1.0478	2.3865000000000003
1.0483	2.3713
1.0487	2.3566000000000003
1.0492000000000001	2.3423000000000003
1.0497	2.3285
1.0502	2.3152
1.0507	2.3022
1.0512000000000001	2.2895000000000003
1.0517	2.2773000000000003
1.0521	2.2653000000000003
1.0526	2.2536
1.0531000000000001	2.2422
1.0536	2.2311
1.0541	2.2202
1.0546	2.2094
1.0550000000000002	2.1989
1.0555	2.1884
1.056	2.1781
1.0565	2.1679
1.0570000000000002	2.1577
1.0575	2.1476
1.0579	2.1376
1.0584	2.1275
1.0589	2.1174
1.0594000000000001	2.1072
1.0599	2.097
1.0604	2.0867
1.0609	2.0763000000000003
1.0613000000000001	2.0658000000000003
1.0618	2.0551
1.0623	2.0443000000000002
1.0628	2.0333
1.0633000000000001	2.0221
1.0638	2.0107
1.0642	1.9991
1.0647	1.9872
1.0652000000000001	1.9751
1.0657	1.9628
1.0662	1.9502000000000002
1.0667	1.9373
1.0671000000000002	1.9241000000000001
1.0676	1.9106
1.0681	1.8968
1.0686	1.8828
1.0691000000000002	1.8684
1.0696	1.8537000000000001
1.07	1.8387
1.0705	1.8234000000000001
1.071	1.8078
1.0715000000000001	1.7919
1.072	1.7757
1.0725	1.7592
1.073	1.7424000000000002
1.0734000000000001	1.7253
1.0739	1.7079
1.0744	1.6902000000000001
1.0749	1.6723000000000001
1.0754000000000001	1.6541000000000001
1.0759	1.6358000000000001
1.0763	1.6171
1.0768	1.5983
1.0773000000000001	1.5793000000000001
1.0778	1.5601
1.0783	1.5407000000000002
1.0788	1.5212
1.0792000000000002	1.5016
1.0797	1.4819
1.0802	1.4622000000000002
1.0807	1.4423000000000001
1.0812000000000002	1.4225
1.0817	1.4026
1.0822	1.3828
1.0826	1.3631
1.0831	1.3434000000000001
1.0836000000000001	1.3238
1.0841	1.3044
1.0846	1.2851000000000001
1.0851	1.2661
1.0855000000000001	1.2473
1.086	1.2288000000000001
1.0865	1.2105000000000001
1.087	1.1927
1.0875000000000001	1.1752
1.088	1.1581000000000001
1.0884	1.1415
1.0889	1.1253
1.0894000000000001	1.1097000000000001
1.0899	1.0947
1.0904	1.0803
1.0909	1.0665
1.0913000000000002	1.0535
1.0918	1.0411000000000001
1.0923	1.0295
1.0928	1.0188000000000001
1.0933000000000002	1.0089000000000001
1.0938	0.9999
1.0943	0.9918
1.0947	0.9847
1.0952	0.9787
1.0957000000000001	0.9737
1.0962	0.9699000000000001
1.0967	0.9672000000000001
1.0972	0.9656
1.0976000000000001	0.9654
1.0981	0.9664
1.0986	0.9687
1.0991	0.9725
1.0996000000000001	0.9776
1.1001	0.9842000000000001
1.1005	0.9922000000000001
1.101	1.0018
1.1015000000000001	1.0130000000000001
1.102	1.0257
1.1025	1.0402
1.103	1.0563
1.1035000000000001	1.0741
1.1039	1.0937000000000001
1.1044	1.115
1.1049	1.1382
1.1054000000000002	1.1632
1.1059	1.1901000000000002
1.1064	1.219
1.1068	1.2497
1.1073	1.2824
1.1078000000000001	1.3171000000000002
1.1083	1.3538000000000001
1.1088	1.3925
1.1093	1.4333
1.1097000000000001	1.4761
1.1102	1.5210000000000001
1.1107	1.568
1.1112	1.617
1.1117000000000001	1.6682000000000001
1.1122	1.7214
1.1126	1.7767000000000002
1.1131	1.8341
1.1136000000000001	1.8937000000000002
1.1141	1.9553
1.1146	2.0189
1.1151	2.0846
1.1156000000000001	2.1524
1.116	2.2221
1.1165	2.2939000000000003
1.117	2.3676
1.1175000000000002	2.4433000000000002
1.118	2.5208
1.1185	2.6002
1.1189	2.6815
1.1194	2.7645
1.1199000000000001	2.8492
1.1204	2.9357
1.1209	3.0237000000000003
1.1214	3.1133
1.1218000000000001	3.2045000000000003
1.1223	3.297
1.1228	3.391
1.1233	3.4862
1.1238000000000001	3.5827
1.1243	3.6803000000000003
1.1248	3.7791
1.1252	3.8788
1.1257000000000001	3.9794
1.1262	4.0808
1.1267	4.183
1.1272	4.2858
1.1277000000000001	4.3892
1.1281	4.493
1.1286	4.5971
1.1291	4.7016
1.1296000000000002	4.8061
1.1301	4.9108
1.1306	5.0153
1.131	5.119800000000001
1.1315	5.2239
1.1320000000000001	5.3277
1.1325	5.4311
1.133	5.5339
1.1335	5.636
1.1339000000000001	5.7373
1.1344	5.8377
1.1349	5.937200000000001
1.1354	6.0356000000000005
1.1359000000000001	6.1328000000000005
1.1364	6.228800000000001
1.1369	6.323300000000001
1.1373	6.4165
1.1378000000000001	6.508
1.1383	6.598000000000001
1.1388	6.6862
1.1393	6.772600000000001
1.1398000000000001	6.857200000000001
1.1402	6.9398
1.1407	7.020300000000001
1.1412	7.098800000000001
1.1417000000000002	7.1752
1.1422	7.249300000000001
1.1427	7.3212
1.1431	7.3908000000000005
1.1436	7.458
1.1441000000000001	7.5228
1.1446	7.5852
1.1451	7.6451
1.1456	7.702500000000001
1.1461000000000001	7.7575
1.1465	7.809900000000001
1.147	7.8597
1.1475	7.907100000000001
1.1480000000000001	7.9518
1.1485	7.9941
1.149	8.033800000000001
1.1494	8.0709
1.1499000000000001	8.1056
1.1504	8.1378
1.1509	8.1675
1.1514	8.194700000000001
1.1519000000000001	8.2196
1.1523	8.2421
1.1528	8.2623
1.1533	8.2802
1.1538000000000002	8.2958
1.1543	8.3093
1.1548	8.3207
1.1552	8.33
1.1557	8.337200000000001
1.1562000000000001	8.342600000000001
1.1567	8.346
1.1572	8.3476
1.1577	8.3474
1.1582000000000001	8.345600000000001
1.1586	8.3421
1.1591	8.337100000000001
1.1596	8.3306
1.1601000000000001	8.3226
1.1606	8.3134
1.1611	8.3028
1.1615	8.2911
1.1620000000000001	8.2782
1.1625	8.2642
1.163	8.2492
1.1635	8.2333
1.1640000000000001	8.2165
1.1644	8.1989
1.1649	8.1806
1.1654	8.1616
1.1659000000000002	8.1419
1.1664	8.1216
1.1669	8.1008
1.1674	8.079600000000001
1.1678	8.0579
1.1683000000000001	8.0358
1.1688	8.0134
1.1693	7.990600000000001
1.1698	7.9676
1.1703000000000001	7.9443
1.1707	7.920800000000001
1.1712	7.897200000000001
1.1717	7.8733
1.1722000000000001	7.8494
1.1727	7.8253
1.1732	7.801100000000001
1.1736	7.776800000000001
1.1741000000000001	7.752400000000001
1.1746	7.728000000000001
1.1751	7.7035
1.1756	7.6789000000000005
1.1761000000000001	7.6542
1.1765	7.6295
1.177	7.6047
1.1775	7.5798000000000005
1.1780000000000002	7.5549
1.1785	7.5299000000000005
1.179	7.504700000000001
1.1795	7.479500000000001
1.1799	7.4542
1.1804000000000001	7.4287
1.1809	7.4031
1.1814	7.3773
1.1819	7.3514
1.1824000000000001	7.3253
1.1828	7.299
1.1833	7.2725
1.1838	7.2458
1.1843000000000001	7.2189000000000005
1.1848	7.191800000000001
1.1853	7.1644000000000005
1.1857	7.1368
1.1862000000000001	7.1089
1.1867	7.0808
1.1872	7.0525
1.1877	7.0239
1.1882000000000001	6.995100000000001
1.1887	6.966
1.1891	6.9367
1.1896	6.9072000000000005
1.1901000000000002	6.8775
1.1906	6.8475
1.1911	6.8174
1.1916	6.7872
1.192	6.7567
1.1925000000000001	6.7262
1.193	6.695600000000001
1.1935	6.6649
1.194	6.6342
1.1945000000000001	6.603400000000001
1.1949	6.5728
1.1954	6.5421000000000005
1.1959	6.5116000000000005
1.1964000000000001	6.4812
1.1969	6.4511
1.1974	6.4211
1.1978	6.391500000000001
1.1983000000000001	6.3621
1.1988	6.333200000000001
1.1993	6.304600000000001
1.1998	6.2766
1.2003000000000001	6.2490000000000006
1.2008	6.222
1.2012	6.195600000000001
1.2017	6.17
1.2022000000000002	6.1450000000000005
1.2027	6.1208
1.2032	6.0974
1.2037	6.074800000000001
1.2041	6.0532
1.2046000000000001	6.032500000000001
1.2051	6.0128
1.2056	5.9942
1.2061	5.9766
1.2066000000000001	5.960100000000001
1.207	5.9448
1.2075	5.9306
1.208	5.9176
1.2085000000000001	5.9059
1.209	5.8954
1.2095	5.8861
1.21	5.8781
1.2104000000000001	5.8714
1.2109	5.8661
1.2114	5.862
1.2119	5.859100000000001
1.2124000000000001	5.857600000000001
1.2129	5.8574
1.2133	5.8584000000000005
1.2138	5.8607000000000005
1.2143000000000002	5.8642
1.2148	5.8689
1.2153	5.874700000000001
1.2158	5.8817
1.2162	5.8898
1.2167000000000001	5.899
1.2172	5.9091000000000005
1.2177	5.9202
1.2182	5.9322
1.2187000000000001	5.9451
1.2191	5.9588
1.2196	5.9732
1.2201	5.9882
1.2206000000000001	6.0038
1.2211	6.0200000000000005
1.2216	6.0366
1.2221	6.0536
1.2225000000000001	6.0709
1.223	6.0884
1.2235	6.106
1.224	6.1237
1.2245000000000001	6.1414
1.225	6.159000000000001
1.2254	6.1764
1.2259	6.1936
1.2264000000000002	6.2104
1.2269	6.2268
1.2274	6.2427
1.2279	6.258100000000001
1.2283000000000002	6.2728
1.2288000000000001	6.286700000000001
1.2293	6.2999
1.2298	6.3123000000000005
1.2303	6.3237000000000005
1.2308000000000001	6.3342
1.2313	6.3436
1.2317	6.3519000000000005
1.2322	6.359100000000001
1.2327000000000001	6.3651
1.2332	6.369800000000001
1.2337	6.3733
1.2342	6.375500000000001
1.2346000000000001	6.3764
1.2351	6.375900000000001
1.2356	6.3741
1.2361	6.3708
1.2366000000000001	6.3662
1.2371	6.3601
1.2375	6.352600000000001
1.238	6.3438
1.2385000000000002	6.3335
1.239	6.3219
1.2395	6.309
1.24	6.294700000000001
1.2404000000000002	6.279100000000001
1.2409000000000001	6.2622
1.2414	6.2441
1.2419	6.2248
1.2424	6.204400000000001
1.2429000000000001	6.1829
1.2434	6.1603
1.2438	6.1368
1.2443	6.1124
1.2448000000000001	6.0871
1.2453	6.061
1.2458	6.0343
1.2463	6.0069
1.2467000000000001	5.9789
1.2472	5.9505
1.2477	5.921600000000001
1.2482	5.8925
1.2487000000000001	5.8631
1.2492	5.8335
1.2496	5.8039000000000005
1.2501	5.7743
1.2506000000000002	5.7447
1.2511	5.715400000000001
1.2516	5.6863
1.2521	5.6576
1.2526000000000002	5.629300000000001
1.2530000000000001	5.601500000000001
1.2535	5.5743
1.254	5.5478000000000005
1.2545000000000002	5.5221
1.2550000000000001	5.4971000000000005
1.2555	5.4731000000000005
1.2559	5.45
1.2564	5.428
1.2569000000000001	5.407100000000001
1.2574	5.387300000000001
1.2579	5.3688
1.2584	5.351500000000001
1.2588000000000001	5.3356
1.2593	5.321000000000001
1.2598	5.3079
1.2603	5.2963000000000005
1.2608000000000001	5.2862
1.2613	5.2776000000000005
1.2617	5.2706
1.2622	5.2652
1.2627000000000002	5.2615
1.2632	5.2594
1.2637	5.259
1.2642	5.2603
1.2647000000000002	5.2633
1.2651000000000001	5.2679
1.2656	5.2743
1.2661	5.282500000000001
1.2666000000000002	5.2923
1.2671000000000001	5.3038
1.2676	5.317
1.268	5.3319
1.2685	5.3484
1.2690000000000001	5.3666
1.2695	5.3864
1.27	5.4078
1.2705	5.4308000000000005
1.2709000000000001	5.4554
1.2714	5.4814
1.2719	5.508900000000001
1.2724	5.5379000000000005
1.2729000000000001	5.568300000000001
1.2734	5.6000000000000005
1.2739	5.633
1.2743	5.667400000000001
1.2748000000000002	5.703
1.2753	5.7397
1.2758	5.7777
1.2763	5.8167
1.2768000000000002	5.856800000000001
1.2772000000000001	5.8978
1.2777	5.939900000000001
1.2782	5.9828
1.2787000000000002	6.0266
1.2792000000000001	6.0712
1.2797	6.1165
1.2801	6.1626
1.2806	6.209300000000001
1.2811000000000001	6.256600000000001
1.2816	6.3044
1.2821	6.3528
1.2826	6.4016
1.2830000000000001	6.4507
1.2835	6.5003
1.284	6.5501000000000005
1.2845	6.6002
1.2850000000000001	6.6505
1.2855	6.700900000000001
1.286	6.7514
1.2864	6.8020000000000005
1.2869000000000002	6.852600000000001
1.2874	6.9032
1.2879	6.9537
1.2884	7.0041
1.2889000000000002	7.0544
1.2893000000000001	7.1044
1.2898	7.1542
1.2903	7.2037
1.2908000000000002	7.2529
1.2913000000000001	7.3017
1.2918	7.3502
1.2922	7.3982
1.2927	7.4457
1.2932000000000001	7.492800000000001
1.2937	7.539300000000001
1.2942	7.5852
1.2947	7.6306
1.2952000000000001	7.675400000000001
1.2956	7.7194
1.2961	7.7628
1.2966	7.8055
1.2971000000000001	7.8475
1.2976	7.8887
1.2981	7.9291
1.2985	7.9687
1.2990000000000002	8.0075
1.2995	8.0454
1.3	8.0824
1.3005	8.1186
1.3010000000000002	8.1538
1.3014000000000001	8.1881
1.3019	8.2215
1.3024	8.2538
1.3029000000000002	8.2852
1.3034000000000001	8.3156
1.3039	8.345
1.3043	8.3733
1.3048	8.4006
1.3053000000000001	8.4269
1.3058	8.4521
1.3063	8.4762
1.3068	8.4992
1.3073000000000001	8.5211
1.3077	8.542
1.3082	8.5617
1.3087	8.580300000000001
1.3092000000000001	8.597800000000001
1.3097	8.6142
1.3102	8.6294
1.3106	8.643500000000001
1.3111000000000002	8.656500000000001
1.3116	8.6683
1.3121	8.679
1.3126	8.688600000000001
1.3131000000000002	8.697000000000001
1.3135000000000001	8.7043
1.314	8.7104
1.3145	8.7154
1.3150000000000002	8.7193
1.3155000000000001	8.722100000000001
1.316	8.723700000000001
1.3165	8.7242
1.3169	8.723700000000001
1.3174000000000001	8.722
1.3179	8.7192
1.3184	8.715300000000001
1.3189	8.7104
1.3194000000000001	8.7044
1.3198	8.6974
1.3203	8.689300000000001
1.3208	8.680100000000001
1.3213000000000001	8.67
1.3218	8.658800000000001
1.3223	8.646700000000001
1.3227	8.633600000000001
1.3232000000000002	8.6195
1.3237	8.6045
1.3242	8.5885
1.3247	8.5717
1.3252000000000002	8.5539
1.3256000000000001	8.535300000000001
1.3261	8.5158
1.3266	8.4955
1.3271000000000002	8.474400000000001
1.3276000000000001	8.4525
1.3281	8.4298
1.3286	8.4064
1.329	8.382200000000001
1.3295000000000001	8.3574
1.33	8.331800000000001
1.3305	8.3057
1.331	8.2789
1.3315000000000001	8.2515
1.3319	8.2235
1.3324	8.195
1.3329	8.1659
1.3334000000000001	8.1364
1.3339	8.1064
1.3344	8.076
1.3348	8.045200000000001
1.3353000000000002	8.014100000000001
1.3358	7.982600000000001
1.3363	7.9508
1.3368	7.9187
1.3373000000000002	7.8864
1.3378	7.8539
1.3382	7.8212
1.3387	7.7884
1.3392000000000002	7.7555000000000005
1.3397000000000001	7.722600000000001
1.3402	7.6896
1.3407	7.6566
1.3411	7.623600000000001
1.3416000000000001	7.590800000000001
1.3421	7.558000000000001
1.3426	7.5255
1.3431	7.4931
1.3436000000000001	7.4609000000000005
1.344	7.4291
1.3445	7.3975
1.345	7.366300000000001
1.3455000000000001	7.335500000000001
1.346	7.3051
1.3465	7.2751
1.3469	7.2457
1.3474000000000002	7.2168
1.3479	7.188400000000001
1.3484	7.1607
1.3489	7.1337
1.3494000000000002	7.1073
1.3499	7.081600000000001
1.3503	7.0567
1.3508	7.0326
1.3513000000000002	7.0093000000000005
1.3518000000000001	6.9869
1.3523	6.9653
1.3528	6.9447
1.3532	6.925000000000001
1.3537000000000001	6.906300000000001
1.3542	6.8885000000000005
1.3547	6.8718
1.3552	6.8561000000000005
1.3557000000000001	6.8415
1.3561	6.828
1.3566	6.815600000000001
1.3571	6.8043000000000005
1.3576000000000001	6.7941
1.3581	6.785
1.3586	6.7771
1.3591	6.7704
1.3595000000000002	6.7647
1.36	6.7603
1.3605	6.757000000000001
1.361	6.7548
1.3615000000000002	6.7538
1.362	6.753900000000001
1.3624	6.7551000000000005
1.3629	6.7575
1.3634000000000002	6.7609
1.3639000000000001	6.765300000000001
1.3644	6.7708
1.3649	6.7773
1.3653	6.7847
1.3658000000000001	6.7931
1.3663	6.8024000000000004
1.3668	6.8125
1.3673	6.8235
1.3678000000000001	6.8352
1.3682	6.8476
1.3687	6.8607000000000005
1.3692	6.8744000000000005
1.3697000000000001	6.8886
1.3702	6.903300000000001
1.3707	6.9184
1.3712	6.9339
1.3716000000000002	6.9497
1.3721	6.9657
1.3726	6.981800000000001
1.3731	6.998
1.3736000000000002	7.014200000000001
1.3741	7.0303
1.3745	7.0463000000000005
1.375	7.062
1.3755000000000002	7.0774
1.3760000000000001	7.0924000000000005
1.3765	7.1069
1.377	7.1208
1.3774	7.134
1.3779000000000001	7.1466
1.3784	7.1583000000000006
1.3789	7.1691
1.3794	7.179
1.3799000000000001	7.1877
1.3804	7.1954
1.3808	7.2018
1.3813	7.207000000000001
1.3818000000000001	7.210800000000001
1.3823	7.213100000000001
1.3828	7.214
1.3833	7.2132000000000005
1.3837000000000002	7.2109000000000005
1.3842	7.2069
1.3847	7.2011
1.3852	7.1935
1.3857000000000002	7.1841
1.3862	7.1728000000000005
1.3866	7.1595
1.3871	7.1443
1.3876000000000002	7.127000000000001
1.3881000000000001	7.1077
1.3886	7.0863000000000005
1.3891	7.0629
1.3895	7.037400000000001
1.3900000000000001	7.0097000000000005
1.3905	6.979900000000001
1.391	6.948
1.3915	6.914000000000001
1.3920000000000001	6.8779
1.3925	6.8396
1.3929	6.799300000000001
1.3934	6.757000000000001
1.3939000000000001	6.7126
1.3944	6.6662
1.3949	6.6178
1.3954	6.5676000000000005
1.3958000000000002	6.5154000000000005
1.3963	6.4615
1.3968	6.4057
1.3973	6.3483
1.3978000000000002	6.2893
1.3983	6.2286
1.3987	6.1665
1.3992	6.103000000000001
1.3997000000000002	6.0381
1.4002000000000001	5.972
1.4007	5.9047
1.4012	5.8364
1.4017000000000002	5.7671
1.4021000000000001	5.6969
1.4026	5.625900000000001
1.4031	5.5543000000000005
1.4036	5.4821
1.4041000000000001	5.409400000000001
1.4046	5.3364
1.405	5.2632
1.4055	5.189900000000001
1.4060000000000001	5.1166
1.4065	5.0434
1.407	4.970400000000001
1.4075	4.8979
1.4079000000000002	4.8258
1.4084	4.754300000000001
1.4089	4.6836
1.4094	4.613700000000001
1.4099000000000002	4.5448
1.4104	4.4771
1.4108	4.4106000000000005
1.4113	4.345400000000001
1.4118000000000002	4.2818000000000005
1.4123	4.2197000000000005
1.4128	4.1595
1.4133	4.101100000000001
1.4138000000000002	4.0446
1.4142000000000001	3.9904
1.4147	3.9383000000000004
1.4152	3.8886000000000003
1.4157	3.8415000000000004
1.4162000000000001	3.7969000000000004
1.4167	3.7550000000000003
1.4171	3.716
1.4176	3.68
1.4181000000000001	3.6470000000000002
1.4186	3.6172
1.4191	3.5907
1.4196	3.5676
1.4200000000000002	3.548
1.4205	3.532
1.421	3.5197000000000003
1.4215	3.5113000000000003
1.4220000000000002	3.5067000000000004
1.4225	3.5062
1.423	3.5097
1.4234	3.5174000000000003
1.4239000000000002	3.5294000000000003
1.4244	3.5458000000000003
1.4249	3.5665
1.4254	3.5918
1.4259000000000002	3.6217
1.4263000000000001	3.6562
1.4268	3.6954000000000002
1.4273	3.7394000000000003
1.4278	3.7883
1.4283000000000001	3.842
1.4288	3.9006000000000003
1.4292	3.9643
1.4297	4.032900000000001
1.4302000000000001	4.1067
1.4307	4.1855
1.4312	4.2694
1.4317	4.3585
1.4321000000000002	4.4527
1.4326	4.5521
1.4331	4.6566
1.4336	4.7663
1.4341000000000002	4.881200000000001
1.4346	5.0013000000000005
1.4351	5.1264
1.4355	5.2567
1.4360000000000002	5.3921
1.4365	5.532500000000001
1.437	5.6779
1.4375	5.8283000000000005
1.4380000000000002	5.9836
1.4384000000000001	6.1437
1.4389	6.3085
1.4394	6.4781
1.4399000000000002	6.652200000000001
1.4404000000000001	6.830900000000001
1.4409	7.0139000000000005
1.4413	7.201300000000001
1.4418	7.3928
1.4423000000000001	7.588500000000001
1.4428	7.788
1.4433	7.9914000000000005
1.4438	8.198500000000001
1.4443000000000001	8.409
1.4447	8.623000000000001
1.4452	8.8401
1.4457	9.0603
1.4462000000000002	9.2833
1.4467	9.509
1.4472	9.7372
1.4476	9.9677
1.4481000000000002	10.2002
1.4486	10.434700000000001
1.4491	10.6708
1.4496	10.9084
1.4501000000000002	11.1471
1.4505000000000001	11.3869
1.451	11.627500000000001
1.4515	11.8686
1.4520000000000002	12.110000000000001
1.4525000000000001	12.3514
1.453	12.592600000000001
1.4534	12.833400000000001
1.4539	13.073400000000001
1.4544000000000001	13.3125
1.4549	13.5504
1.4554	13.786800000000001
1.4559	14.021500000000001
1.4564000000000001	14.2542
1.4568	14.4847
1.4573	14.7126
1.4578	14.937800000000001
1.4583000000000002	15.16
1.4588	15.378900000000002
1.4593	15.5944
1.4597	15.806000000000001
1.4602000000000002	16.0137
1.4607	16.217100000000002
1.4612	16.416
1.4617	16.610200000000003
1.4622000000000002	16.799500000000002
1.4626000000000001	16.983700000000002
1.4631	17.1625
1.4636	17.3357
1.4641000000000002	17.5032
1.4646000000000001	17.6647
1.4651	17.8202
1.4656	17.9693
1.466	18.111900000000002
1.4665000000000001	18.248
1.467	18.377200000000002
1.4675	18.4996
1.468	18.615000000000002
1.4685000000000001	18.723200000000002
1.4689	18.8242
1.4694	18.9179
1.4699	19.0041
1.4704000000000002	19.082900000000002
1.4709	19.1542
1.4714	19.2178
1.4718	19.2739
1.4723000000000002	19.322300000000002
1.4728	19.3631
1.4733	19.3962
1.4738	19.4217
1.4743000000000002	19.439600000000002
1.4747000000000001	19.4499
1.4752	19.4527
1.4757	19.4481
1.4762000000000002	19.4361
1.4767000000000001	19.416700000000002
1.4772	19.3902
1.4777	19.3565
1.4781	19.3159
1.4786000000000001	19.2683
1.4791	19.214100000000002
1.4796	19.1533
1.4801	19.086000000000002
1.4806000000000001	19.0125
1.481	18.9329
1.4815	18.8473
1.482	18.756
1.4825000000000002	18.659200000000002
1.483	18.557000000000002
1.4835	18.4497
1.4839	18.337500000000002
1.4844000000000002	18.2205
1.4849	18.0991
1.4854	17.9734
1.4859	17.843700000000002
1.4864000000000002	17.7101
1.4869	17.573
1.4873	17.4325
1.4878	17.289
1.4883000000000002	17.142500000000002
1.4888000000000001	16.9934
1.4893	16.841900000000003
1.4898	16.6883
1.4902	16.532700000000002
1.4907000000000001	16.3754
1.4912	16.2166
1.4917	16.0566
1.4922	15.8956
1.4927000000000001	15.7337
1.4931	15.571200000000001
1.4936	15.4084
1.4941	15.2453
1.4946000000000002	15.0823
1.4951	14.919400000000001
1.4956	14.757000000000001
1.496	14.5951
1.4965000000000002	14.433900000000001
1.497	14.2736
1.4975	14.1144
1.498	13.9563
1.4985000000000002	13.7996
1.499	13.644400000000001
1.4994	13.4907
1.4999	13.3388
1.5004000000000002	13.188600000000001
1.5009000000000001	13.0404
1.5014	12.894200000000001
1.5019	12.75
1.5023	12.608
1.5028000000000001	12.468200000000001
1.5033	12.3306
1.5038	12.195400000000001
1.5043	12.0625
1.5048000000000001	11.932
1.5052	11.8039
1.5057	11.6782
1.5062	11.5549
1.5067000000000002	11.434000000000001
1.5072	11.3155
1.5077	11.1994
1.5082	11.085600000000001
1.5086000000000002	10.9742
1.5091	10.865
1.5096	10.7581
1.5101	10.653400000000001
1.5106000000000002	10.5509
1.5111	10.4504
1.5115	10.3519
1.512	10.2554
1.5125000000000002	10.1607
1.5130000000000001	10.0679
1.5135	9.9768
1.514	9.8873
1.5144	9.7994
1.5149000000000001	9.712900000000001
1.5154	9.6279
1.5159	9.5441
1.5164	9.4616
1.5169000000000001	9.3801
1.5173	9.2997
1.5178	9.2202
1.5183	9.1416
1.5188000000000001	9.0637
1.5193	8.986500000000001
1.5198	8.9099
1.5203	8.8338
1.5207000000000002	8.7581
1.5212	8.6828
1.5217	8.607700000000001
1.5222	8.5328
1.5227000000000002	8.4581
1.5232	8.3834
1.5236	8.3087
1.5241	8.2339
1.5246000000000002	8.1591
1.5251000000000001	8.084100000000001
1.5256	8.0089
1.5261	7.933400000000001
1.5265	7.8577
1.5270000000000001	7.781700000000001
1.5275	7.7053
1.528	7.6286000000000005
1.5285	7.5516000000000005
1.5290000000000001	7.474200000000001
1.5295	7.396400000000001
1.5299	7.3182
1.5304	7.2397
1.5309000000000001	7.160900000000001
1.5314	7.0817000000000005
1.5319	7.0023
1.5324	6.9226
1.5328000000000002	6.8426
1.5333	6.7625
1.5338	6.6822
1.5343	6.6019000000000005
1.5348000000000002	6.5215000000000005
1.5353	6.4411000000000005
1.5357	6.3608
1.5362	6.2807
1.5367000000000002	6.2009
1.5372000000000001	6.121300000000001
1.5377	6.0422
1.5382	5.963500000000001
1.5386	5.885400000000001
1.5391000000000001	5.808000000000001
1.5396	5.731400000000001
1.5401	5.655600000000001
1.5406	5.5808
1.5411000000000001	5.5071
1.5416	5.4345
1.542	5.3632
1.5425	5.2934
1.5430000000000001	5.2250000000000005
1.5435	5.1582
1.544	5.0932
1.5445	5.0301
1.5449000000000002	4.9689000000000005
1.5454	4.9097
1.5459	4.8528
1.5464	4.7981
1.5469000000000002	4.7459
1.5474	4.6962
1.5478	4.6491
1.5483	4.6048
1.5488000000000002	4.5633
1.5493000000000001	4.5247
1.5498	4.4892
1.5503	4.4569
1.5508000000000002	4.4278
1.5512000000000001	4.402
1.5517	4.3796
1.5522	4.3608
1.5527	4.3455
1.5532000000000001	4.3339
1.5537	4.3260000000000005
1.5541	4.3219
1.5546	4.3217
1.5551000000000001	4.3254
1.5556	4.333
1.5561	4.3446
1.5566	4.3603000000000005
1.5570000000000002	4.38
1.5575	4.4039
1.558	4.4318
1.5585	4.463900000000001
1.5590000000000002	4.500100000000001
1.5595	4.5404
1.5599	4.5849
1.5604	4.633500000000001
1.5609000000000002	4.686100000000001
1.5614000000000001	4.7428
1.5619	4.8035000000000005
1.5624	4.8682
1.5629000000000002	4.9369000000000005
1.5633000000000001	5.0093000000000005
1.5638	5.0856
1.5643	5.1656
1.5648	5.2492
1.5653000000000001	5.3364
1.5658	5.4270000000000005
1.5662	5.521
1.5667	5.6183000000000005
1.5672000000000001	5.7187
1.5677	5.822
1.5682	5.9283
1.5687	6.0373
1.5691000000000002	6.1489
1.5696	6.263
1.5701	6.3794
1.5706	6.4979000000000005
1.5711000000000002	6.6184
1.5716	6.7407
1.5721	6.8647
1.5725	6.990200000000001
1.5730000000000002	7.117
1.5735000000000001	7.2449
1.574	7.3737
1.5745	7.5033
1.5750000000000002	7.633500000000001
1.5754000000000001	7.7641
1.5759	7.8948
1.5764	8.025500000000001
1.5769	8.1561
1.5774000000000001	8.286200000000001
1.5779	8.4158
1.5783	8.5446
1.5788	8.672500000000001
1.5793000000000001	8.7993
1.5798	8.9247
1.5803	9.0487
1.5808	9.1709
1.5812000000000002	9.291400000000001
1.5817	9.4098
1.5822	9.526100000000001
1.5827	9.64
1.5832000000000002	9.7515
1.5837	9.8603
1.5842	9.9664
1.5846	10.0695
1.5851000000000002	10.1697
1.5856000000000001	10.2667
1.5861	10.3604
1.5866	10.450800000000001
1.5871000000000002	10.537700000000001
1.5875000000000001	10.6211
1.588	10.700800000000001
1.5885	10.776900000000001
1.589	10.8492
1.5895000000000001	10.9177
1.59	10.9823
1.5904	11.043000000000001
1.5909	11.0999
1.5914000000000001	11.152800000000001
1.5919	11.2017
1.5924	11.2467
1.5929	11.2878
1.5934000000000001	11.325000000000001
1.5938	11.3582
1.5943	11.3877
1.5948	11.413300000000001
1.5953000000000002	11.4351
1.5958	11.4532
1.5963	11.4677
1.5967	11.4786
1.5972000000000002	11.4861
1.5977000000000001	11.4901
1.5982	11.4908
1.5987	11.4883
1.5992000000000002	11.482700000000001
1.5996000000000001	11.474
1.6001	11.4625
1.6006	11.4482
1.6011	11.4312
1.6016000000000001	11.4116
1.6021	11.389700000000001
1.6025	11.365400000000001
1.603	11.339
1.6035000000000001	11.310500000000001
1.604	11.280100000000001
1.6045	11.247900000000001
1.605	11.2141
1.6055000000000001	11.178700000000001
1.6059	11.1419
1.6064	11.103900000000001
1.6069	11.0647
1.6074000000000002	11.0244
1.6079	10.9832
1.6084	10.9413
1.6088	10.8986
1.6093000000000002	10.855400000000001
1.6098000000000001	10.8117
1.6103	10.7675
1.6108	10.7231
1.6113000000000002	10.678600000000001
1.6117000000000001	10.6338
1.6122	10.5891
1.6127	10.544400000000001
1.6132	10.4998
1.6137000000000001	10.455300000000001
1.6142	10.411100000000001
1.6147	10.3671
1.6151	10.323500000000001
1.6156000000000001	10.2802
1.6161	10.2372
1.6166	10.194700000000001
1.6171	10.1526
1.6176000000000001	10.111
1.618	10.069700000000001
1.6185	10.029
1.619	9.9886
1.6195000000000002	9.9487
1.62	9.9092
1.6205	9.8701
1.6209	9.8314
1.6214000000000002	9.793000000000001
1.6219000000000001	9.755
1.6224	9.7171
1.6229	9.6796
1.6234000000000002	9.6422
1.6238000000000001	9.6049
1.6243	9.5677
1.6248	9.5306
1.6253	9.493400000000001
1.6258000000000001	9.456100000000001
1.6263	9.418700000000001
1.6268	9.381
1.6272	9.3431
1.6277000000000001	9.3049
1.6282	9.266200000000001
1.6287	9.2271
1.6292	9.1874
1.6297000000000001	9.1472
1.6301	9.106200000000001
1.6306	9.0646
1.6311	9.0221
1.6316000000000002	8.978900000000001
1.6321	8.934700000000001
1.6326	8.8895
1.633	8.8434
1.6335000000000002	8.796100000000001
1.6340000000000001	8.7478
1.6345	8.6983
1.635	8.6476
1.6355000000000002	8.5957
1.6360000000000001	8.5425
1.6364	8.488
1.6369	8.4321
1.6374000000000002	8.3749
1.6379000000000001	8.3163
1.6384	8.256400000000001
1.6389	8.195
1.6393	8.132200000000001
1.6398000000000001	8.068100000000001
1.6403	8.0025
1.6408	7.9355
1.6413	7.867100000000001
1.6418000000000001	7.7974000000000006
1.6422	7.7263
1.6427	7.6539
1.6432	7.580100000000001
1.6437000000000002	7.5052
1.6442	7.429
1.6447	7.3516
1.6451	7.2731
1.6456000000000002	7.1935
1.6461000000000001	7.112900000000001
1.6466	7.031300000000001
1.6471	6.9489
1.6476000000000002	6.865600000000001
1.6481000000000001	6.7815
1.6485	6.6968000000000005
1.649	6.6115
1.6495000000000002	6.525600000000001
1.6500000000000001	6.4393
1.6505	6.3527000000000005
1.651	6.2658000000000005
1.6514	6.178800000000001
1.6519000000000001	6.0917
1.6524	6.0046
1.6529	5.9177
1.6534	5.831
1.6539000000000001	5.7447
1.6543	5.6588
1.6548	5.5735
1.6553	5.4889
1.6558000000000002	5.405
1.6563	5.3221
1.6568	5.240200000000001
1.6573	5.159400000000001
1.6577000000000002	5.0798000000000005
1.6582000000000001	5.0017000000000005
1.6587	4.925
1.6592	4.8498
1.6597000000000002	4.776400000000001
1.6602000000000001	4.7048000000000005
1.6606	4.6352
1.6611	4.5676000000000005
1.6616000000000002	4.5021
1.6621000000000001	4.439
1.6626	4.3782000000000005
1.6631	4.3198
1.6635	4.2641
1.6640000000000001	4.2111
1.6645	4.1608
1.665	4.1135
1.6655	4.069100000000001
1.6660000000000001	4.0278
1.6664	3.9897
1.6669	3.9549000000000003
1.6674	3.9233000000000002
1.6679000000000002	3.8952
1.6684	3.8706
1.6689	3.8496
1.6694	3.8322000000000003
1.6698000000000002	3.8185000000000002
1.6703000000000001	3.8085
1.6708	3.8023000000000002
1.6713	3.8001
1.6718000000000002	3.8017000000000003
1.6723000000000001	3.8072000000000004
1.6727	3.8168
1.6732	3.8303000000000003
1.6737000000000002	3.8479
1.6742000000000001	3.8695000000000004
1.6747	3.8951000000000002
1.6752	3.9249
1.6756	3.9586
1.6761000000000001	3.9965
1.6766	4.0384
1.6771	4.0843
1.6776	4.1342
1.6781000000000001	4.188000000000001
1.6786	4.2458
1.679	4.3075
1.6795	4.373
1.6800000000000002	4.442200000000001
1.6805	4.5152
1.681	4.5918
1.6815	4.6719
1.6819000000000002	4.7555000000000005
1.6824000000000001	4.8425
1.6829	4.9328
1.6834	5.0263
1.6839000000000002	5.122800000000001
1.6844000000000001	5.2222
1.6848	5.3245000000000005
1.6853	5.4295
1.6858000000000002	5.537100000000001
1.6863000000000001	5.647
1.6868	5.7593000000000005
1.6873	5.8737
1.6877	5.99
1.6882000000000001	6.1082
1.6887	6.228000000000001
1.6892	6.3494
1.6897	6.472
1.6902000000000001	6.5958000000000006
1.6907	6.7205
1.6911	6.846
1.6916	6.9721
1.6921000000000002	7.0986
1.6926	7.225300000000001
1.6931	7.352
1.6936	7.4786
1.6940000000000002	7.604900000000001
1.6945000000000001	7.730600000000001
1.695	7.8555
1.6955	7.979500000000001
1.6960000000000002	8.102500000000001
1.6965000000000001	8.2241
1.6969	8.3442
1.6974	8.4626
1.6979000000000002	8.5791
1.6984000000000001	8.6936
1.6989	8.805900000000001
1.6994	8.9158
1.6999000000000002	9.023100000000001
1.7003000000000001	9.1277
1.7008	9.2294
1.7013	9.328000000000001
1.7018	9.4235
1.7023000000000001	9.515600000000001
1.7028	9.6042
1.7032	9.6892
1.7037	9.7705
1.7042000000000002	9.847900000000001
1.7047	9.9214
1.7052	9.9907
1.7057	10.056000000000001
1.7061000000000002	10.116900000000001
1.7066000000000001	10.1735
1.7071	10.225800000000001
1.7076	10.2735
1.7081000000000002	10.3167
1.7086000000000001	10.355400000000001
1.709	10.3895
1.7095	10.4189
1.7100000000000002	10.4436
1.7105000000000001	10.463700000000001
1.711	10.4791
1.7115	10.4899
1.7120000000000002	10.496
1.7124000000000001	10.4975
1.7129	10.4944
1.7134	10.4867
1.7139	10.4745
1.7144000000000001	10.4578
1.7149	10.4367
1.7153	10.4113
1.7158	10.3817
1.7163000000000002	10.347900000000001
1.7168	10.31
1.7173	10.2681
1.7178	10.2223
1.7182000000000002	10.1727
1.7187000000000001	10.1195
1.7192	10.062800000000001
1.7197	10.002600000000001
1.7202000000000002	9.9391
1.7207000000000001	9.8724
1.7212	9.8027
1.7216	9.7302
1.7221000000000002	9.6548
1.7226000000000001	9.5769
1.7231	9.496400000000001
1.7236	9.4137
1.7241000000000002	9.328800000000001
1.7245000000000001	9.241900000000001
1.725	9.153
1.7255	9.0625
1.726	8.9704
1.7265000000000001	8.876900000000001
1.727	8.7821
1.7274	8.6861
1.7279	8.5892
1.7284000000000002	8.4915
1.7289	8.3931
1.7294	8.2941
1.7299	8.194700000000001
1.7303000000000002	8.0951
1.7308000000000001	7.9953
1.7313	7.8955
1.7318	7.7959000000000005
1.7323000000000002	7.6965
1.7328000000000001	7.5975
1.7333	7.498900000000001
1.7337	7.401000000000001
1.7342000000000002	7.303800000000001
1.7347000000000001	7.2073
1.7352	7.1119
1.7357	7.0174
1.7362000000000002	6.9241
1.7366000000000001	6.8319
1.7371	6.7410000000000005
1.7376	6.6516
1.7381	6.5635
1.7386000000000001	6.477
1.7391	6.392
1.7395	6.3087
1.74	6.227200000000001
1.7405000000000002	6.1473
1.741	6.0693
1.7415	5.9932
1.742	5.918900000000001
1.7425000000000002	5.8466000000000005
1.7429000000000001	5.7763
1.7434	5.708
1.7439	5.6417
1.7444000000000002	5.577500000000001
1.7449000000000001	5.5154000000000005
1.7454	5.4553
1.7458	5.3974
1.7463000000000002	5.341600000000001
1.7468000000000001	5.2879000000000005
1.7473	5.236400000000001
1.7478	5.187
1.7483000000000002	5.1398
1.7487000000000001	5.0947000000000005
1.7492	5.0517
1.7497	5.0109
1.7502	4.9722
1.7507000000000001	4.9356
1.7512	4.901
1.7516	4.8686
1.7521	4.8382000000000005
1.7526000000000002	4.8099
1.7531	4.7836
1.7536	4.7593000000000005
1.7541	4.737
1.7546000000000002	4.716600000000001
1.7550000000000001	4.6982
1.7555	4.6817
1.756	4.667
1.7565000000000002	4.6543
1.7570000000000001	4.6433
1.7575	4.6341
1.7579	4.6268
1.7584000000000002	4.6211
1.7589000000000001	4.6172
1.7594	4.6149000000000004
1.7599	4.6143
1.7604000000000002	4.6153
1.7608000000000001	4.6178
1.7613	4.6219
1.7618	4.6276
1.7623	4.6347000000000005
1.7628000000000001	4.6432
1.7633	4.6532
1.7638	4.6646
1.7642	4.6773
1.7647000000000002	4.6913
1.7652	4.7066
1.7657	4.7231000000000005
1.7662	4.7409
1.7667000000000002	4.7598
1.7671000000000001	4.7799000000000005
1.7676	4.801
1.7681	4.823300000000001
1.7686000000000002	4.8466000000000005
1.7691000000000001	4.870900000000001
1.7696	4.8962
1.77	4.9224000000000006
1.7705000000000002	4.9495000000000005
1.7710000000000001	4.9775
1.7715	5.0063
1.772	5.0359
1.7725000000000002	5.0663
1.7729000000000001	5.0975
1.7734	5.129300000000001
1.7739	5.1618
1.7744	5.195
1.7749000000000001	5.2287
1.7754	5.263
1.7759	5.2979
1.7763	5.3333
1.7768000000000002	5.3691
1.7773	5.4053
1.7778	5.442
1.7783	5.479
1.7788000000000002	5.5164
1.7792000000000001	5.554
1.7797	5.5919
1.7802	5.6301000000000005
1.7807000000000002	5.6684
1.7812000000000001	5.7069
1.7817	5.745500000000001
1.7821	5.7843
1.7826000000000002	5.823
1.7831000000000001	5.861800000000001
1.7836	5.9006
1.7841	5.9393
1.7846000000000002	5.978000000000001
1.7851000000000001	6.016500000000001
1.7855	6.0548
1.786	6.093
1.7865	6.1309000000000005
1.7870000000000001	6.1685
1.7875	6.205900000000001
1.788	6.2428
1.7884	6.2794
1.7889000000000002	6.3156
1.7894	6.3512
1.7899	6.3864
1.7904	6.421
1.7909000000000002	6.455
1.7913000000000001	6.4884
1.7918	6.521100000000001
1.7923	6.553100000000001
1.7928000000000002	6.5844000000000005
1.7933000000000001	6.614800000000001
1.7938	6.6444
1.7942	6.673
1.7947000000000002	6.7008
1.7952000000000001	6.727600000000001
1.7957	6.7533
1.7962	6.7780000000000005
1.7967000000000002	6.8016000000000005
1.7972000000000001	6.824000000000001
1.7976	6.8452
1.7981	6.865200000000001
1.7986	6.883900000000001
1.7991000000000001	6.9012
1.7996	6.9172
1.8001	6.9318
1.8005	6.9449000000000005
1.8010000000000002	6.9565
1.8015	6.966600000000001
1.802	6.9751
1.8025	6.982
1.8030000000000002	6.9872000000000005
1.8034000000000001	6.9907
1.8039	6.992500000000001
1.8044	6.992500000000001
1.8049000000000002	6.9908
1.8054000000000001	6.9872000000000005
1.8059	6.9817
1.8064	6.9744
1.8068000000000002	6.9651000000000005
1.8073000000000001	6.9539
1.8078	6.9408
1.8083	6.9256
1.8088000000000002	6.9085
1.8093000000000001	6.8893
1.8097	6.8681
1.8102	6.8449
1.8107	6.8196
1.8112000000000001	6.7922
1.8117	6.762700000000001
1.8122	6.7312
1.8126	6.6976
1.8131000000000002	6.662
1.8136	6.624300000000001
1.8141	6.5845
1.8146	6.5427
1.8151000000000002	6.4989
1.8155000000000001	6.4531
1.816	6.405200000000001
1.8165	6.3554
1.8170000000000002	6.3037
1.8175000000000001	6.250100000000001
1.818	6.1946
1.8185	6.1372
1.8189000000000002	6.0781
1.8194000000000001	6.0172
1.8199	5.9545
1.8204	5.8902
1.8209000000000002	5.8242
1.8214000000000001	5.7567
1.8218	5.6877
1.8223	5.6172
1.8228000000000002	5.5452
1.8233000000000001	5.471900000000001
1.8238	5.3974
1.8243	5.3215
1.8247	5.2446
1.8252000000000002	5.1665
1.8257	5.087400000000001
1.8262	5.0073
1.8267	4.9264
1.8272000000000002	4.8446
1.8277	4.7620000000000005
1.8281	4.6788
1.8286	4.595000000000001
1.8291000000000002	4.5106
1.8296000000000001	4.425800000000001
1.8301	4.3406
1.8306	4.2551000000000005
1.8310000000000002	4.1694
1.8315000000000001	4.0835
1.832	3.9975
1.8325	3.9114
1.8330000000000002	3.8255000000000003
1.8335000000000001	3.7396000000000003
1.8339	3.6540000000000004
1.8344	3.5686
1.8349000000000002	3.4835000000000003
1.8354000000000001	3.3989000000000003
1.8359	3.3147
1.8364	3.2310000000000003
1.8368	3.1479000000000004
1.8373000000000002	3.0654000000000003
1.8378	2.9837000000000002
1.8383	2.9027000000000003
1.8388	2.8225000000000002
1.8393000000000002	2.7431
1.8398	2.6647000000000003
1.8402	2.5872
1.8407	2.5107
1.8412000000000002	2.4353000000000002
1.8417000000000001	2.3609
1.8422	2.2877
1.8427	2.2156000000000002
1.8431000000000002	2.1447000000000003
1.8436000000000001	2.075
1.8441	2.0065
1.8446	1.9393
1.8451000000000002	1.8734000000000002
1.8456000000000001	1.8088000000000002
1.846	1.7456
1.8465	1.6837
1.8470000000000002	1.6231
1.8475000000000001	1.5639
1.848	1.5061
1.8485	1.4497
1.8490000000000002	1.3946
1.8494000000000002	1.341
1.8499	1.2887
1.8504	1.2378
1.8509	1.1883000000000001
1.8514000000000002	1.1402
1.8519	1.0935000000000001
1.8523	1.0481
1.8528	1.0041
1.8533000000000002	0.9614
1.8538000000000001	0.92
1.8543	0.88
1.8548	0.8412000000000001
1.8552000000000002	0.8037000000000001
1.8557000000000001	0.7675000000000001
1.8562	0.7325
1.8567	0.6988000000000001
1.8572000000000002	0.6662
1.8577000000000001	0.6348
1.8581	0.6046
1.8586	0.5755
1.8591000000000002	0.5475
1.8596000000000001	0.5206000000000001
1.8601	0.49470000000000003
1.8606	0.46990000000000004
1.8611000000000002	0.4461
1.8615000000000002	0.4232
1.862	0.40130000000000005
1.8625	0.3803
1.863	0.3603
1.8635000000000002	0.3411
1.864	0.32270000000000004
1.8644	0.3052
1.8649	0.28850000000000003
1.8654000000000002	0.2725
1.8659000000000001	0.25730000000000003
1.8664	0.24280000000000002
1.8669	0.22890000000000002
1.8673000000000002	0.21580000000000002
1.8678000000000001	0.2033
1.8683	0.19140000000000001
1.8688	0.1801
1.8693000000000002	0.1694
1.8698000000000001	0.1592
1.8703	0.1496
1.8707	0.1405
1.8712000000000002	0.1318
1.8717000000000001	0.1236
1.8722	0.1159
1.8727	0.1086
1.8732000000000002	0.1017
1.8736000000000002	0.0951
1.8741	0.08900000000000001
1.8746	0.08320000000000001
1.8751	0.0777
1.8756000000000002	0.0726
1.8761	0.06770000000000001
1.8765	0.0632
1.877	0.0589
1.8775000000000002	0.054900000000000004
1.8780000000000001	0.0511
1.8785	0.0475
1.879	0.0442
1.8794000000000002	0.041100000000000005
1.8799000000000001	0.038200000000000005
1.8804	0.035500000000000004
1.8809	0.0329
1.8814000000000002	0.030500000000000003
1.8819000000000001	0.028300000000000002
1.8824	0.0262
1.8828	0.024300000000000002
1.8833000000000002	0.022500000000000003
1.8838000000000001	0.020800000000000003
1.8843	0.019200000000000002
1.8848	0.0177
1.8853000000000002	0.0164
1.8857000000000002	0.0151
1.8862	0.013900000000000001
1.8867	0.0128
1.8872	0.0118
1.8877000000000002	0.0109
1.8882	0.01
1.8886	0.0092
1.8891	0.0085
1.8896000000000002	0.0078000000000000005
1.8901000000000001	0.0071
1.8906	0.0066
1.8911	0.006
1.8916000000000002	0.0055000000000000005
1.8920000000000001	0.0051
1.8925	0.0046
1.893	0.004200000000000001
1.8935000000000002	0.0039000000000000003
1.8940000000000001	0.0035
1.8945	0.0032
1.8949	0.0029000000000000002
1.8954000000000002	0.0027
1.8959000000000001	0.0025
1.8964	0.0022
1.8969	0.002
1.8974000000000002	0.0019
1.8978000000000002	0.0017000000000000001
1.8983	0.0015
1.8988	0.0014
1.8993	0.0013000000000000002
1.8998000000000002	0.0011
1.9003	0.001
1.9007	0.0009000000000000001
1.9012	0.0009000000000000001
1.9017000000000002	0.0008
1.9022000000000001	0.0007
1.9027	0.0006000000000000001
1.9032	0.0006000000000000001
1.9037000000000002	0.0005
1.9041000000000001	0.0005
1.9046	0.0004
1.9051	0.0004
1.9056000000000002	0.00030000000000000003
1.9061000000000001	0.00030000000000000003
1.9066	0.00030000000000000003
1.907	0.00030000000000000003
1.9075000000000002	0.0002
1.9080000000000001	0.0002
1.9085	0.0002
1.909	0.0002
1.9095000000000002	0.0001
1.9099000000000002	0.0001
1.9104	0.0001
1.9109	0.0001
1.9114	0.0001
1.9119000000000002	0.0001
1.9124	0.0001
1.9129	0.0001
1.9133	0.0001
1.9138000000000002	0.0001